2014,5,30,3,2354
2014,5,30,4,2101
2014,5,30,5,2413
2014,5,30,6,3244
2014,5,30,7,4347
2014,5,30,8,5427
2014,5,30,9,6224
2014,5,30,10,6454
2014,5,30,11,6136
2014,5,30,12,5195
2014,5,30,13,3960
2014,5,30,14,2685
2014,5,30,15,1546
2014,5,30,16,857
2014,5,30,17,791
2014,5,30,18,1350
2014,5,30,19,2388
2014,5,30,20,3699
2014,5,30,21,4865
2014,5,30,22,5652
2014,5,30,23,5882
2014,5,31,0,5568
2014,5,31,1,4697
2014,5,31,2,3700
2014,5,31,3,2790
2014,5,31,4,2263
2014,5,31,5,2258
2014,5,31,6,2776
2014,5,31,7,3726
2014,5,31,8,4775
2014,5,31,9,5684
2014,5,31,10,6239
2014,5,31,11,6259
2014,5,31,12,5696
2014,5,31,13,4727
2014,5,31,14,3480
2014,5,31,15,2293
2014,5,31,16,1312
2014,5,31,17,871
2014,5,31,18,1027
2014,5,31,19,1806
2014,5,31,20,2926
2014,5,31,21,4181
2014,5,31,22,5151
2014,5,31,23,5682
2014,6,1,0,5669
2014,6,1,1,5150
2014,6,1,2,4245
2014,6,1,3,3335
2014,6,1,4,2576
2014,6,1,5,2284
2014,6,1,6,2454
2014,6,1,7,3107
2014,6,1,8,4047
2014,6,1,9,4977
2014,6,1,10,5690
2014,6,1,11,5984
2014,6,1,12,5825
2014,6,1,13,5129
2014,6,1,14,4155
2014,6,1,15,2991
2014,6,1,16,1963
2014,6,1,17,1208
2014,6,1,18,1042
2014,6,1,19,1428
2014,6,1,20,2297
2014,6,1,21,3456
2014,6,1,22,4482
2014,6,1,23,5294
2014,6,2,0,5556
2014,6,2,1,5415
2014,6,2,2,4731
2014,6,2,3,3920
2014,6,2,4,3089
2014,6,2,5,2592
2014,6,2,6,2424
2014,6,2,7,2755
2014,6,2,8,3444
2014,6,2,9,4295
2014,6,2,10,5096
2014,6,2,11,5593
2014,6,2,12,5768
2014,6,2,13,5417
2014,6,2,14,4690
2014,6,2,15,3724
2014,6,2,16,2716
2014,6,2,17,1827
2014,6,2,18,1340
2014,6,2,19,1337
2014,6,2,20,1909
2014,6,2,21,2821
2014,6,2,22,3895
2014,6,2,23,4786
2014,6,3,0,5341
2014,6,3,1,5426
2014,6,3,2,5101
2014,6,3,3,4397
2014,6,3,4,3668
2014,6,3,5,3023
2014,6,3,6,2678
2014,6,3,7,2672
2014,6,3,8,3013
2014,6,3,9,3652
2014,6,3,10,4340
2014,6,3,11,4989
2014,6,3,12,5360
2014,6,3,13,5393
2014,6,3,14,5000
2014,6,3,15,4271
2014,6,3,16,3386
2014,6,3,17,2499
2014,6,3,18,1836
2014,6,3,19,1547
2014,6,3,20,1780
2014,6,3,21,2369
2014,6,3,22,3296
2014,6,3,23,4171
2014,6,4,0,4869
2014,6,4,1,5251
2014,6,4,2,5208
2014,6,4,3,4811
2014,6,4,4,4207
2014,6,4,5,3577
2014,6,4,6,3064
2014,6,4,7,2807
2014,6,4,8,2830
2014,6,4,9,3165
2014,6,4,10,3723
2014,6,4,11,4312
2014,6,4,12,4841
2014,6,4,13,5130
2014,6,4,14,5110
2014,6,4,15,4675
2014,6,4,16,4003
2014,6,4,17,3172
2014,6,4,18,2445
2014,6,4,19,1914
2014,6,4,20,1839
2014,6,4,21,2119
2014,6,4,22,2770
2014,6,4,23,3558
2014,6,5,0,4301
2014,6,5,1,4873
2014,6,5,2,5121
2014,6,5,3,5049
2014,6,5,4,4626
2014,6,5,5,4074
2014,6,5,6,3513
2014,6,5,7,3037
2014,6,5,8,2802
2014,6,5,9,2805
2014,6,5,10,3101
2014,6,5,11,3572
2014,6,5,12,4127
2014,6,5,13,4598
2014,6,5,14,4855
2014,6,5,15,4800
2014,6,5,16,4399
2014,6,5,17,3792
2014,6,5,18,3076
2014,6,5,19,2494
2014,6,5,20,2127
2014,6,5,21,2124
2014,6,5,22,2450
2014,6,5,23,3049
2014,6,6,0,3758
2014,6,6,1,4432
2014,6,6,2,4910
2014,6,6,3,5121
2014,6,6,4,5041
2014,6,6,5,4673
2014,6,6,6,4128
2014,6,6,7,3550
2014,6,6,8,3039
2014,6,6,9,2755
2014,6,6,10,2703
2014,6,6,11,2961
2014,6,6,12,3442
2014,6,6,13,3993
2014,6,6,14,4476
2014,6,6,15,4744
2014,6,6,16,4699
2014,6,6,17,4332
2014,6,6,18,3778
2014,6,6,19,3146
2014,6,6,20,2656
2014,6,6,21,2350
2014,6,6,22,2379
2014,6,6,23,2667
2014,6,7,0,3255
2014,6,7,1,3889
2014,6,7,2,4568
2014,6,7,3,5053
2014,6,7,4,5292
2014,6,7,5,5219
2014,6,7,6,4776
2014,6,7,7,4190
2014,6,7,8,3496
2014,6,7,9,2924
2014,6,7,10,2558
2014,6,7,11,2517
2014,6,7,12,2768
2014,6,7,13,3275
2014,6,7,14,3865
2014,6,7,15,4400
2014,6,7,16,4699
2014,6,7,17,4735
2014,6,7,18,4418
2014,6,7,19,3900
2014,6,7,20,3310
2014,6,7,21,2807
2014,6,7,22,2498
2014,6,7,23,2497
2014,6,8,0,2780
2014,6,8,1,3366
2014,6,8,2,4037
2014,6,8,3,4719
2014,6,8,4,5237
2014,6,8,5,5499
2014,6,8,6,5372
2014,6,8,7,4883
2014,6,8,8,4166
2014,6,8,9,3344
2014,6,8,10,2651
2014,6,8,11,2210
2014,6,8,12,2184
2014,6,8,13,2510
2014,6,8,14,3119
2014,6,8,15,3843
2014,6,8,16,4453
2014,6,8,17,4801
2014,6,8,18,4853
2014,6,8,19,4566
2014,6,8,20,4057
2014,6,8,21,3422
2014,6,8,22,2894
2014,6,8,23,2493
2014,6,9,0,2486
2014,6,9,1,2772
2014,6,9,2,3458
2014,6,9,3,4225
2014,6,9,4,5002
2014,6,9,5,5585
2014,6,9,6,5768
2014,6,9,7,5536
2014,6,9,8,4879
2014,6,9,9,3975
2014,6,9,10,2993
2014,6,9,11,2210
2014,6,9,12,1719
2014,6,9,13,1788
2014,6,9,14,2213
2014,6,9,15,3000
2014,6,9,16,3802
2014,6,9,17,4514
2014,6,9,18,4941
2014,6,9,19,4993
2014,6,9,20,4704
2014,6,9,21,4126
2014,6,9,22,3411
2014,6,9,23,2776
2014,6,10,0,2371
2014,6,10,1,2372
2014,6,10,2,2772
2014,6,10,3,3557
2014,6,10,4,4482
2014,6,10,5,5366
2014,6,10,6,5955
2014,6,10,7,6077
2014,6,10,8,5650
2014,6,10,9,4772
2014,6,10,10,3658
2014,6,10,11,2558
2014,6,10,12,1680
2014,6,10,13,1296
2014,6,10,14,1424
2014,6,10,15,2044
2014,6,10,16,2938
2014,6,10,17,3927
2014,6,10,18,4746
2014,6,10,19,5219
2014,6,10,20,5301
2014,6,10,21,4946
2014,6,10,22,4226
2014,6,10,23,3364
2014,6,11,0,2607
2014,6,11,1,2232
2014,6,11,2,2323
2014,6,11,3,2886
2014,6,11,4,3833
2014,6,11,5,4933
2014,6,11,6,5834
2014,6,11,7,6364
2014,6,11,8,6357
2014,6,11,9,5683
2014,6,11,10,4610
2014,6,11,11,3307
2014,6,11,12,2109
2014,6,11,13,1223
2014,6,11,14,932
2014,6,11,15,1221
2014,6,11,16,1992
2014,6,11,17,3084
2014,6,11,18,4172
2014,6,11,19,5118
2014,6,11,20,5596
2014,6,11,21,5617
2014,6,11,22,5090
2014,6,11,23,4187
2014,6,12,0,3207
2014,6,12,1,2425
2014,6,12,2,2083
2014,6,12,3,2325
2014,6,12,4,3085
2014,6,12,5,4239
2014,6,12,6,5397
2014,6,12,7,6337
2014,6,12,8,6730
2014,6,12,9,6504
2014,6,12,10,5602
2014,6,12,11,4350
2014,6,12,12,2924
2014,6,12,13,1703
2014,6,12,14,824
2014,6,12,15,659
2014,6,12,16,1089
2014,6,12,17,2065
2014,6,12,18,3318
2014,6,12,19,4534
2014,6,12,20,5507
2014,6,12,21,5944
2014,6,12,22,5835
2014,6,12,23,5090
2014,6,13,0,4021
2014,6,13,1,2924
2014,6,13,2,2128
2014,6,13,3,1885
2014,6,13,4,2304
2014,6,13,5,3270
2014,6,13,6,4579
2014,6,13,7,5784
2014,6,13,8,6607
2014,6,13,9,6879
2014,6,13,10,6433
2014,6,13,11,5365
2014,6,13,12,3949
2014,6,13,13,2474
2014,6,13,14,1190
2014,6,13,15,457
2014,6,13,16,387
2014,6,13,17,1037
2014,6,13,18,2187
2014,6,13,19,3612
2014,6,13,20,4927
2014,6,13,21,5840
2014,6,13,22,6156
2014,6,13,23,5828
2014,6,14,0,4859
2014,6,14,1,3704
2014,6,14,2,2549
2014,6,14,3,1887
2014,6,14,4,1819
2014,6,14,5,2443
2014,6,14,6,3584
2014,6,14,7,4951
2014,6,14,8,6129
2014,6,14,9,6868
2014,6,14,10,6943
2014,6,14,11,6312
2014,6,14,12,5099
2014,6,14,13,3601
2014,6,14,14,2079
2014,6,14,15,879
2014,6,14,16,268
2014,6,14,17,387
2014,6,14,18,1224
2014,6,14,19,2514
2014,6,14,20,3996
2014,6,14,21,5304
2014,6,14,22,6107
2014,6,14,23,6269
2014,6,15,0,5793
2014,6,15,1,4659
2014,6,15,2,3473
2014,6,15,3,2354
2014,6,15,4,1776
2014,6,15,5,1836
2014,6,15,6,2571
2014,6,15,7,3796
2014,6,15,8,5152
2014,6,15,9,6300
2014,6,15,10,6893
2014,6,15,11,6835
2014,6,15,12,6044
2014,6,15,13,4801
2014,6,15,14,3242
2014,6,15,15,1826
2014,6,15,16,686
2014,6,15,17,268
2014,6,15,18,534
2014,6,15,19,1554
2014,6,15,20,2909
2014,6,15,21,4438
2014,6,15,22,5616
2014,6,15,23,6293
2014,6,16,0,6262
2014,6,16,1,5614
2014,6,16,2,4459
2014,6,16,3,3241
2014,6,16,4,2235
2014,6,16,5,1795
2014,6,16,6,1959
2014,6,16,7,2768
2014,6,16,8,3958
2014,6,16,9,5224
2014,6,16,10,6225
2014,6,16,11,6702
2014,6,16,12,6561
2014,6,16,13,5717
2014,6,16,14,4478
2014,6,16,15,2980
2014,6,16,16,1640
2014,6,16,17,615
2014,6,16,18,375
2014,6,16,19,787
2014,6,16,20,1907
2014,6,16,21,3328
2014,6,16,22,4711
2014,6,16,23,5783
2014,6,17,0,6230
2014,6,17,1,6112
2014,6,17,2,5319
2014,6,17,3,4232
2014,6,17,4,3039
2014,6,17,5,2193
2014,6,17,6,1809
2014,6,17,7,2041
2014,6,17,8,2804
2014,6,17,9,3967
2014,6,17,10,5116
2014,6,17,11,6017
2014,6,17,12,6414
2014,6,17,13,6211
2014,6,17,14,5359
2014,6,17,15,4169
2014,6,17,16,2771
2014,6,17,17,1597
2014,6,17,18,786
2014,6,17,19,720
2014,6,17,20,1232
2014,6,17,21,2362
2014,6,17,22,3719
2014,6,17,23,4935
2014,6,18,0,5866
2014,6,18,1,6162
2014,6,18,2,5958
2014,6,18,3,5136
2014,6,18,4,4107
2014,6,18,5,3022
2014,6,18,6,2255
2014,6,18,7,1905
2014,6,18,8,2168
2014,6,18,9,2843
2014,6,18,10,3899
2014,6,18,11,4865
2014,6,18,12,5676
2014,6,18,13,5983
2014,6,18,14,5791
2014,6,18,15,5019
2014,6,18,16,3949
2014,6,18,17,2728
2014,6,18,18,1710
2014,6,18,19,1071
2014,6,18,20,1115
2014,6,18,21,1692
2014,6,18,22,2773
2014,6,18,23,4001
2014,6,19,0,5067
2014,6,19,1,5831
2014,6,19,2,6049
2014,6,19,3,5802
2014,6,19,4,5012
2014,6,19,5,4075
2014,6,19,6,3087
2014,6,19,7,2361
2014,6,19,8,2031
2014,6,19,9,2184
2014,6,19,10,2776
2014,6,19,11,3699
2014,6,19,12,4614
2014,6,19,13,5336
2014,6,19,14,5666
2014,6,19,15,5496
2014,6,19,16,4833
2014,6,19,17,3934
2014,6,19,18,2878
2014,6,19,19,2046
2014,6,19,20,1573
2014,6,19,21,1680
2014,6,19,22,2251
2014,6,19,23,3240
2014,6,20,0,4276
2014,6,20,1,5218
2014,6,20,2,5868
2014,6,20,3,6065
2014,6,20,4,5817
2014,6,20,5,5169
2014,6,20,6,4254
2014,6,20,7,3306
2014,6,20,8,2588
2014,6,20,9,2162
2014,6,20,10,2232
2014,6,20,11,2689
2014,6,20,12,3501
2014,6,20,13,4357
2014,6,20,14,5035
2014,6,20,15,5367
2014,6,20,16,5286
2014,6,20,17,4711
2014,6,20,18,3927
2014,6,20,19,3038
2014,6,20,20,2351
2014,6,20,21,1982
2014,6,20,22,2102
2014,6,20,23,2586
2014,6,21,0,3397
2014,6,21,1,4283
2014,6,21,2,5093
2014,6,21,3,5713
2014,6,21,4,5955
2014,6,21,5,5783
2014,6,21,6,5183
2014,6,21,7,4308
2014,6,21,8,3351
2014,6,21,9,2525
2014,6,21,10,1992
2014,6,21,11,1992
2014,6,21,12,2406
2014,6,21,13,3210
2014,6,21,14,4049
2014,6,21,15,4766
2014,6,21,16,5174
2014,6,21,17,5157
2014,6,21,18,4758
2014,6,21,19,4104
2014,6,21,20,3361
2014,6,21,21,2763
2014,6,21,22,2400
2014,6,21,23,2431
2014,6,22,0,2817
2014,6,22,1,3523
2014,6,22,2,4352
2014,6,22,3,5183
2014,6,22,4,5793
2014,6,22,5,6069
2014,6,22,6,5921
2014,6,22,7,5304
2014,6,22,8,4407
2014,6,22,9,3385
2014,6,22,10,2505
2014,6,22,11,1933
2014,6,22,12,1861
2014,6,22,13,2273
2014,6,22,14,2995
2014,6,22,15,3890
2014,6,22,16,4658
2014,6,22,17,5139
2014,6,22,18,5251
2014,6,22,19,4990
2014,6,22,20,4401
2014,6,22,21,3705
2014,6,22,22,3070
2014,6,22,23,2641
2014,6,23,0,2592
2014,6,23,1,2912
2014,6,23,2,3579
2014,6,23,3,4394
2014,6,23,4,5226
2014,6,23,5,5885
2014,6,23,6,6179
2014,6,23,7,5998
2014,6,23,8,5333
2014,6,23,9,4318
2014,6,23,10,3202
2014,6,23,11,2207
2014,6,23,12,1583
2014,6,23,13,1544
2014,6,23,14,1966
2014,6,23,15,2772
2014,6,23,16,3762
2014,6,23,17,4605
2014,6,23,18,5163
2014,6,23,19,5346
2014,6,23,20,5134
2014,6,23,21,4537
2014,6,23,22,3823
2014,6,23,23,3131
2014,6,24,0,2696
2014,6,24,1,2612
2014,6,24,2,2942
2014,6,24,3,3687
2014,6,24,4,4560
2014,6,24,5,5449
2014,6,24,6,6133
2014,6,24,7,6406
2014,6,24,8,6106
2014,6,24,9,5300
2014,6,24,10,4167
2014,6,24,11,2953
2014,6,24,12,1938
2014,6,24,13,1324
2014,6,24,14,1337
2014,6,24,15,1852
2014,6,24,16,2736
2014,6,24,17,3790
2014,6,24,18,4697
2014,6,24,19,5294
2014,6,24,20,5474
2014,6,24,21,5213
2014,6,24,22,4514
2014,6,24,23,3714
2014,6,25,0,2927
2014,6,25,1,2489
2014,6,25,2,2442
2014,6,25,3,2894
2014,6,25,4,3695
2014,6,25,5,4687
2014,6,25,6,5612
2014,6,25,7,6208
2014,6,25,8,6345
2014,6,25,9,5867
2014,6,25,10,4929
2014,6,25,11,3698
2014,6,25,12,2495
2014,6,25,13,1518
2014,6,25,14,1055
2014,6,25,15,1203
2014,6,25,16,1851
2014,6,25,17,2876
2014,6,25,18,3993
2014,6,25,19,4937
2014,6,25,20,5506
2014,6,25,21,5613
2014,6,25,22,5222
2014,6,25,23,4445
2014,6,26,0,3564
2014,6,26,1,2790
2014,6,26,2,2406
2014,6,26,3,2486
2014,6,26,4,3048
2014,6,26,5,4030
2014,6,26,6,5084
2014,6,26,7,5984
2014,6,26,8,6465
2014,6,26,9,6401
2014,6,26,10,5705
2014,6,26,11,4664
2014,6,26,12,3375
2014,6,26,13,2209
2014,6,26,14,1335
2014,6,26,15,1029
2014,6,26,16,1354
2014,6,26,17,2156
2014,6,26,18,3307
2014,6,26,19,4449
2014,6,26,20,5352
2014,6,26,21,5822
2014,6,26,22,5801
2014,6,26,23,5205
2014,6,27,0,4339
2014,6,27,1,3382
2014,6,27,2,2711
2014,6,27,3,2421
2014,6,27,4,2716
2014,6,27,5,3446
2014,6,27,6,4483
2014,6,27,7,5521
2014,6,27,8,6288
2014,6,27,9,6605
2014,6,27,10,6328
2014,6,27,11,5469
2014,6,27,12,4277
2014,6,27,13,3014
2014,6,27,14,1861
2014,6,27,15,1165
2014,6,27,16,1075
2014,6,27,17,1608
2014,6,27,18,2559
2014,6,27,19,3828
2014,6,27,20,4931
2014,6,27,21,5762
2014,6,27,22,6014
2014,6,27,23,5794
2014,6,28,0,4942
2014,6,28,1,3995
2014,6,28,2,3034
2014,6,28,3,2505
2014,6,28,4,2414
2014,6,28,5,2940
2014,6,28,6,3818
2014,6,28,7,4905
2014,6,28,8,5867
2014,6,28,9,6452
2014,6,28,10,6523
2014,6,28,11,5982
2014,6,28,12,5000
2014,6,28,13,3753
2014,6,28,14,2506
2014,6,28,15,1518
2014,6,28,16,1051
2014,6,28,17,1216
2014,6,28,18,1950
2014,6,28,19,3058
2014,6,28,20,4291
2014,6,28,21,5301
2014,6,28,22,5918
2014,6,28,23,5967
2014,6,29,0,5487
2014,6,29,1,4567
2014,6,29,2,3602
2014,6,29,3,2768
2014,6,29,4,2379
2014,6,29,5,2525
2014,6,29,6,3150
2014,6,29,7,4171
2014,6,29,8,5209
2014,6,29,9,6033
2014,6,29,10,6433
2014,6,29,11,6275
2014,6,29,12,5495
2014,6,29,13,4423
2014,6,29,14,3126
2014,6,29,15,2019
2014,6,29,16,1227
2014,6,29,17,1063
2014,6,29,18,1485
2014,6,29,19,2381
2014,6,29,20,3597
2014,6,29,21,4709
2014,6,29,22,5551
2014,6,29,23,5879
2014,6,30,0,5698
2014,6,30,1,4925
2014,6,30,2,4036
2014,6,30,3,3059
2014,6,30,4,2470
2014,6,30,5,2275
2014,6,30,6,2661
2014,6,30,7,3438
2014,6,30,8,4438
2014,6,30,9,5366
2014,6,30,10,6013
2014,6,30,11,6145
2014,6,30,12,5740
2014,6,30,13,4882
2014,6,30,14,3763
2014,6,30,15,2593
2014,6,30,16,1655
2014,6,30,17,1126
2014,6,30,18,1208
2014,6,30,19,1798
2014,6,30,20,2863
2014,6,30,21,4004
2014,6,30,22,5064
2014,6,30,23,5676
2014,7,1,0,5782
2014,7,1,1,5394
2014,7,1,2,4493
2014,7,1,3,3587
2014,7,1,4,2758
2014,7,1,5,2349
2014,7,1,6,2406
2014,7,1,7,2934
2014,7,1,8,3817
2014,7,1,9,4719
2014,7,1,10,5521
2014,7,1,11,5909
2014,7,1,12,5855
2014,7,1,13,5309
2014,7,1,14,4434
2014,7,1,15,3349
2014,7,1,16,2355
2014,7,1,17,1589
2014,7,1,18,1312
2014,7,1,19,1631
2014,7,1,20,2403
2014,7,1,21,3556
2014,7,1,22,4643
2014,7,1,23,5477
2014,7,2,0,5869
2014,7,2,1,5710
2014,7,2,2,5073
2014,7,2,3,4233
2014,7,2,4,3376
2014,7,2,5,2788
2014,7,2,6,2526
2014,7,2,7,2766
2014,7,2,8,3351
2014,7,2,9,4117
2014,7,2,10,4983
2014,7,2,11,5542
2014,7,2,12,5806
2014,7,2,13,5608
2014,7,2,14,4992
2014,7,2,15,4096
2014,7,2,16,3099
2014,7,2,17,2226
2014,7,2,18,1684
2014,7,2,19,1681
2014,7,2,20,2194
2014,7,2,21,3103
2014,7,2,22,4162
2014,7,2,23,5082
2014,7,3,0,5669
2014,7,3,1,5814
2014,7,3,2,5515
2014,7,3,3,4780
2014,7,3,4,3953
2014,7,3,5,3191
2014,7,3,6,2722
2014,7,3,7,2582
2014,7,3,8,2905
2014,7,3,9,3475
2014,7,3,10,4221
2014,7,3,11,4898
2014,7,3,12,5366
2014,7,3,13,5483
2014,7,3,14,5165
2014,7,3,15,4559
2014,7,3,16,3701
2014,7,3,17,2845
2014,7,3,18,2191
2014,7,3,19,1886
2014,7,3,20,2074
2014,7,3,21,2670
2014,7,3,22,3570
2014,7,3,23,4503
2014,7,4,0,5223
2014,7,4,1,5635
2014,7,4,2,5614
2014,7,4,3,5172
2014,7,4,4,4495
2014,7,4,5,3745
2014,7,4,6,3121
2014,7,4,7,2721
2014,7,4,8,2693
2014,7,4,9,2954
2014,7,4,10,3550
2014,7,4,11,4194
2014,7,4,12,4780
2014,7,4,13,5169
2014,7,4,14,5198
2014,7,4,15,4882
2014,7,4,16,4280
2014,7,4,17,3483
2014,7,4,18,2771
2014,7,4,19,2245
2014,7,4,20,2163
2014,7,4,21,2481
2014,7,4,22,3133
2014,7,4,23,3981
2014,7,5,0,4752
2014,7,5,1,5337
2014,7,5,2,5622
2014,7,5,3,5509
2014,7,5,4,5033
2014,7,5,5,4412
2014,7,5,6,3696
2014,7,5,7,3118
2014,7,5,8,2774
2014,7,5,9,2733
2014,7,5,10,2990
2014,7,5,11,3529
2014,7,5,12,4130
2014,7,5,13,4683
2014,7,5,14,5028
2014,7,5,15,5078
2014,7,5,16,4765
2014,7,5,17,4222
2014,7,5,18,3544
2014,7,5,19,2998
2014,7,5,20,2622
2014,7,5,21,2639
2014,7,5,22,2937
2014,7,5,23,3543
2014,7,6,0,4248
2014,7,6,1,4930
2014,7,6,2,5449
2014,7,6,3,5687
2014,7,6,4,5553
2014,7,6,5,5092
2014,7,6,6,4451
2014,7,6,7,3682
2014,7,6,8,3042
2014,7,6,9,2620
2014,7,6,10,2531
2014,7,6,11,2765
2014,7,6,12,3270
2014,7,6,13,3861
2014,7,6,14,4427
2014,7,6,15,4792
2014,7,6,16,4862
2014,7,6,17,4604
2014,7,6,18,4137
2014,7,6,19,3511
2014,7,6,20,3009
2014,7,6,21,2687
2014,7,6,22,2694
2014,7,6,23,2949
2014,7,7,0,3532
2014,7,7,1,4192
2014,7,7,2,4903
2014,7,7,3,5420
2014,7,7,4,5665
2014,7,7,5,5531
2014,7,7,6,5055
2014,7,7,7,4346
2014,7,7,8,3562
2014,7,7,9,2849
2014,7,7,10,2345
2014,7,7,11,2220
2014,7,7,12,2420
2014,7,7,13,2964
2014,7,7,14,3611
2014,7,7,15,4227
2014,7,7,16,4668
2014,7,7,17,4839
2014,7,7,18,4661
2014,7,7,19,4241
2014,7,7,20,3657
2014,7,7,21,3137
2014,7,7,22,2783
2014,7,7,23,2696
2014,7,8,0,2962
2014,7,8,1,3540
2014,7,8,2,4286
2014,7,8,3,4989
2014,7,8,4,5594
2014,7,8,5,5814
2014,7,8,6,5677
2014,7,8,7,5130
2014,7,8,8,4298
2014,7,8,9,3403
2014,7,8,10,2566
2014,7,8,11,1992
2014,7,8,12,1815
2014,7,8,13,2057
2014,7,8,14,2618
2014,7,8,15,3430
2014,7,8,16,4167
2014,7,8,17,4755
2014,7,8,18,4974
2014,7,8,19,4869
2014,7,8,20,4424
2014,7,8,21,3823
2014,7,8,22,3208
2014,7,8,23,2779
2014,7,9,0,2641
2014,7,9,1,2893
2014,7,9,2,3515
2014,7,9,3,4302
2014,7,9,4,5153
2014,7,9,5,5801
2014,7,9,6,6081
2014,7,9,7,5903
2014,7,9,8,5239
2014,7,9,9,4258
2014,7,9,10,3142
2014,7,9,11,2185
2014,7,9,12,1514
2014,7,9,13,1382
2014,7,9,14,1680
2014,7,9,15,2403
2014,7,9,16,3337
2014,7,9,17,4223
2014,7,9,18,4908
2014,7,9,19,5238
2014,7,9,20,5131
2014,7,9,21,4607
2014,7,9,22,3869
2014,7,9,23,3079
2014,7,10,0,2569
2014,7,10,1,2379
2014,7,10,2,2722
2014,7,10,3,3437
2014,7,10,4,4420
2014,7,10,5,5400
2014,7,10,6,6128
2014,7,10,7,6416
2014,7,10,8,6097
2014,7,10,9,5243
2014,7,10,10,4062
2014,7,10,11,2767
2014,7,10,12,1674
2014,7,10,13,997
2014,7,10,14,937
2014,7,10,15,1401
2014,7,10,16,2302
2014,7,10,17,3436
2014,7,10,18,4457
2014,7,10,19,5237
2014,7,10,20,5562
2014,7,10,21,5421
2014,7,10,22,4736
2014,7,10,23,3862
2014,7,11,0,2924
2014,7,11,1,2343
2014,7,11,2,2171
2014,7,11,3,2629
2014,7,11,4,3506
2014,7,11,5,4685
2014,7,11,6,5785
2014,7,11,7,6577
2014,7,11,8,6779
2014,7,11,9,6349
2014,7,11,10,5296
2014,7,11,11,3897
2014,7,11,12,2469
2014,7,11,13,1265
2014,7,11,14,593
2014,7,11,15,623
2014,7,11,16,1285
2014,7,11,17,2382
2014,7,11,18,3713
2014,7,11,19,4873
2014,7,11,20,5696
2014,7,11,21,5953
2014,7,11,22,5686
2014,7,11,23,4762
2014,7,12,0,3717
2014,7,12,1,2632
2014,7,12,2,2009
2014,7,12,3,1919
2014,7,12,4,2537
2014,7,12,5,3643
2014,7,12,6,4979
2014,7,12,7,6170
2014,7,12,8,6894
2014,7,12,9,6992
2014,7,12,10,6337
2014,7,12,11,5127
2014,7,12,12,3580
2014,7,12,13,2066
2014,7,12,14,848
2014,7,12,15,282
2014,7,12,16,474
2014,7,12,17,1329
2014,7,12,18,2618
2014,7,12,19,4107
2014,7,12,20,5326
2014,7,12,21,6108
2014,7,12,22,6276
2014,7,12,23,5759
2014,7,13,0,4635
2014,7,13,1,3409
2014,7,13,2,2251
2014,7,13,3,1684
2014,7,13,4,1721
2014,7,13,5,2516
2014,7,13,6,3765
2014,7,13,7,5209
2014,7,13,8,6366
2014,7,13,9,7052
2014,7,13,10,7021
2014,7,13,11,6190
2014,7,13,12,4849
2014,7,13,13,3205
2014,7,13,14,1658
2014,7,13,15,502
2014,7,13,16,59
2014,7,13,17,414
2014,7,13,18,1458
2014,7,13,19,2947
2014,7,13,20,4501
2014,7,13,21,5765
2014,7,13,22,6432
2014,7,13,23,6404
2014,7,14,0,5679
2014,7,14,1,4409
2014,7,14,2,3083
2014,7,14,3,1940
2014,7,14,4,1410
2014,7,14,5,1641
2014,7,14,6,2529
2014,7,14,7,3953
2014,7,14,8,5373
2014,7,14,9,6546
2014,7,14,10,7093
2014,7,14,11,6955
2014,7,14,12,5963
2014,7,14,13,4559
2014,7,14,14,2890
2014,7,14,15,1384
2014,7,14,16,351
2014,7,14,17,115
2014,7,14,18,642
2014,7,14,19,1904
2014,7,14,20,3457
2014,7,14,21,5023
2014,7,14,22,6126
2014,7,14,23,6638
2014,7,15,0,6447
2014,7,15,1,5470
2014,7,15,2,4186
2014,7,15,3,2770
2014,7,15,4,1756
2014,7,15,5,1306
2014,7,15,6,1699
2014,7,15,7,2619
2014,7,15,8,4087
2014,7,15,9,5406
2014,7,15,10,6461
2014,7,15,11,6888
2014,7,15,12,6622
2014,7,15,13,5571
2014,7,15,14,4147
2014,7,15,15,2559
2014,7,15,16,1187
2014,7,15,17,359
2014,7,15,18,341
2014,7,15,19,1063
2014,7,15,20,2376
2014,7,15,21,3957
2014,7,15,22,5358
2014,7,15,23,6311
2014,7,16,0,6606
2014,7,16,1,6238
2014,7,16,2,5137
2014,7,16,3,3843
2014,7,16,4,2515
2014,7,16,5,1605
2014,7,16,6,1312
2014,7,16,7,1754
2014,7,16,8,2722
2014,7,16,9,4105
2014,7,16,10,5316
2014,7,16,11,6229
2014,7,16,12,6471
2014,7,16,13,6161
2014,7,16,14,5107
2014,7,16,15,3777
2014,7,16,16,2350
2014,7,16,17,1236
2014,7,16,18,624
2014,7,16,19,806
2014,7,16,20,1625
2014,7,16,21,2917
2014,7,16,22,4432
2014,7,16,23,5633
2014,7,17,0,6376
2014,7,17,1,6499
2014,7,17,2,5979
2014,7,17,3,4874
2014,7,17,4,3637
2014,7,17,5,2461
2014,7,17,6,1692
2014,7,17,7,1525
2014,7,17,8,1925
2014,7,17,9,2858
2014,7,17,10,4046
2014,7,17,11,5121
2014,7,17,12,5847
2014,7,17,13,6077
2014,7,17,14,5717
2014,7,17,15,4783
2014,7,17,16,3596
2014,7,17,17,2379
2014,7,17,18,1449
2014,7,17,19,1070
2014,7,17,20,1368
2014,7,17,21,2223
2014,7,17,22,3467
2014,7,17,23,4707
2014,7,18,0,5726
2014,7,18,1,6252
2014,7,18,2,6266
2014,7,18,3,5665
2014,7,18,4,4681
2014,7,18,5,3575
2014,7,18,6,2561
2014,7,18,7,1915
2014,7,18,8,1746
2014,7,18,9,2172
2014,7,18,10,2938
2014,7,18,11,3997
2014,7,18,12,4932
2014,7,18,13,5610
2014,7,18,14,5786
2014,7,18,15,5467
2014,7,18,16,4657
2014,7,18,17,3651
2014,7,18,18,2678
2014,7,18,19,1929
2014,7,18,20,1764
2014,7,18,21,2086
2014,7,18,22,2869
2014,7,18,23,3913
2014,7,19,0,4956
2014,7,19,1,5740
2014,7,19,2,6176
2014,7,19,3,6115
2014,7,19,4,5569
2014,7,19,5,4726
2014,7,19,6,3720
2014,7,19,7,2821
2014,7,19,8,2187
2014,7,19,9,1987
2014,7,19,10,2263
2014,7,19,11,2900
2014,7,19,12,3808
2014,7,19,13,4634
2014,7,19,14,5222
2014,7,19,15,5382
2014,7,19,16,5134
2014,7,19,17,4457
2014,7,19,18,3634
2014,7,19,19,2863
2014,7,19,20,2362
2014,7,19,21,2236
2014,7,19,22,2594
2014,7,19,23,3214
2014,7,20,0,4057
2014,7,20,1,4878
2014,7,20,2,5532
2014,7,20,3,5873
2014,7,20,4,5846
2014,7,20,5,5389
2014,7,20,6,4646
2014,7,20,7,3734
2014,7,20,8,2861
2014,7,20,9,2201
2014,7,20,10,1915
2014,7,20,11,2070
2014,7,20,12,2605
2014,7,20,13,3422
2014,7,20,14,4198
2014,7,20,15,4810
2014,7,20,16,5022
2014,7,20,17,4884
2014,7,20,18,4374
2014,7,20,19,3736
2014,7,20,20,3128
2014,7,20,21,2726
2014,7,20,22,2650
2014,7,20,23,2823
2014,7,21,0,3373
2014,7,21,1,4033
2014,7,21,2,4747
2014,7,21,3,5393
2014,7,21,4,5740
2014,7,21,5,5814
2014,7,21,6,5426
2014,7,21,7,4752
2014,7,21,8,3850
2014,7,21,9,2960
2014,7,21,10,2263
2014,7,21,11,1911
2014,7,21,12,2009
2014,7,21,13,2503
2014,7,21,14,3283
2014,7,21,15,4049
2014,7,21,16,4647
2014,7,21,17,4948
2014,7,21,18,4940
2014,7,21,19,4576
2014,7,21,20,4097
2014,7,21,21,3545
2014,7,21,22,3129
2014,7,21,23,2909
2014,7,22,0,3016
2014,7,22,1,3396
2014,7,22,2,4007
2014,7,22,3,4721
2014,7,22,4,5368
2014,7,22,5,5815
2014,7,22,6,5890
2014,7,22,7,5554
2014,7,22,8,4829
2014,7,22,9,3883
2014,7,22,10,2911
2014,7,22,11,2139
2014,7,22,12,1736
2014,7,22,13,1843
2014,7,22,14,2287
2014,7,22,15,3091
2014,7,22,16,3875
2014,7,22,17,4564
2014,7,22,18,4962
2014,7,22,19,5029
2014,7,22,20,4776
2014,7,22,21,4260
2014,7,22,22,3635
2014,7,22,23,3103
2014,7,23,0,2803
2014,7,23,1,2836
2014,7,23,2,3228
2014,7,23,3,3893
2014,7,23,4,4691
2014,7,23,5,5397
2014,7,23,6,5892
2014,7,23,7,5962
2014,7,23,8,5555
2014,7,23,9,4748
2014,7,23,10,3714
2014,7,23,11,2657
2014,7,23,12,1825
2014,7,23,13,1462
2014,7,23,14,1600
2014,7,23,15,2178
2014,7,23,16,3054
2014,7,23,17,3936
2014,7,23,18,4697
2014,7,23,19,5141
2014,7,23,20,5221
2014,7,23,21,4944
2014,7,23,22,4322
2014,7,23,23,3615
2014,7,24,0,3024
2014,7,24,1,2692
2014,7,24,2,2787
2014,7,24,3,3239
2014,7,24,4,3986
2014,7,24,5,4864
2014,7,24,6,5616
2014,7,24,7,6091
2014,7,24,8,6057
2014,7,24,9,5529
2014,7,24,10,4588
2014,7,24,11,3444
2014,7,24,12,2326
2014,7,24,13,1552
2014,7,24,14,1250
2014,7,24,15,1550
2014,7,24,16,2239
2014,7,24,17,3286
2014,7,24,18,4203
2014,7,24,19,5009
2014,7,24,20,5411
2014,7,24,21,5407
2014,7,24,22,4994
2014,7,24,23,4202
2014,7,25,0,3411
2014,7,25,1,2740
2014,7,25,2,2496
2014,7,25,3,2672
2014,7,25,4,3309
2014,7,25,5,4207
2014,7,25,6,5179
2014,7,25,7,5907
2014,7,25,8,6274
2014,7,25,9,6093
2014,7,25,10,5340
2014,7,25,11,4258
2014,7,25,12,3022
2014,7,25,13,1958
2014,7,25,14,1247
2014,7,25,15,1200
2014,7,25,16,1636
2014,7,25,17,2524
2014,7,25,18,3648
2014,7,25,19,4621
2014,7,25,20,5387
2014,7,25,21,5684
2014,7,25,22,5507
2014,7,25,23,4851
2014,7,26,0,3992
2014,7,26,1,3107
2014,7,26,2,2526
2014,7,26,3,2365
2014,7,26,4,2744
2014,7,26,5,3558
2014,7,26,6,4609
2014,7,26,7,5590
2014,7,26,8,6263
2014,7,26,9,6412
2014,7,26,10,5951
2014,7,26,11,5031
2014,7,26,12,3783
2014,7,26,13,2580
2014,7,26,14,1578
2014,7,26,15,1128
2014,7,26,16,1278
2014,7,26,17,1928
2014,7,26,18,2963
2014,7,26,19,4109
2014,7,26,20,5103
2014,7,26,21,5741
2014,7,26,22,5861
2014,7,26,23,5429
2014,7,27,0,4533
2014,7,27,1,3569
2014,7,27,2,2662
2014,7,27,3,2231
2014,7,27,4,2285
2014,7,27,5,2912
2014,7,27,6,3908
2014,7,27,7,5024
2014,7,27,8,5901
2014,7,27,9,6387
2014,7,27,10,6286
2014,7,27,11,5581
2014,7,27,12,4498
2014,7,27,13,3201
2014,7,27,14,2051
2014,7,27,15,1223
2014,7,27,16,1030
2014,7,27,17,1410
2014,7,27,18,2304
2014,7,27,19,3515
2014,7,27,20,4656
2014,7,27,21,5553
2014,7,27,22,5921
2014,7,27,23,5759
2014,7,28,0,4993
2014,7,28,1,4027
2014,7,28,2,2989
2014,7,28,3,2296
2014,7,28,4,2050
2014,7,28,5,2423
2014,7,28,6,3218
2014,7,28,7,4328
2014,7,28,8,5330
2014,7,28,9,6107
2014,7,28,10,6330
2014,7,28,11,5991
2014,7,28,12,5096
2014,7,28,13,3934
2014,7,28,14,2691
2014,7,28,15,1703
2014,7,28,16,1109
2014,7,28,17,1183
2014,7,28,18,1826
2014,7,28,19,2912
2014,7,28,20,4169
2014,7,28,21,5296
2014,7,28,22,5990
2014,7,28,23,6087
2014,7,29,0,5594
2014,7,29,1,4625
2014,7,29,2,3528
2014,7,29,3,2593
2014,7,29,4,2100
2014,7,29,5,2139
2014,7,29,6,2771
2014,7,29,7,3742
2014,7,29,8,4812
2014,7,29,9,5714
2014,7,29,10,6252
2014,7,29,11,6215
2014,7,29,12,5629
2014,7,29,13,4627
2014,7,29,14,3380
2014,7,29,15,2278
2014,7,29,16,1440
2014,7,29,17,1191
2014,7,29,18,1554
2014,7,29,19,2411
2014,7,29,20,3644
2014,7,29,21,4825
2014,7,29,22,5703
2014,7,29,23,6063
2014,7,30,0,5890
2014,7,30,1,5063
2014,7,30,2,4056
2014,7,30,3,2987
2014,7,30,4,2251
2014,7,30,5,1969
2014,7,30,6,2299
2014,7,30,7,3011
2014,7,30,8,4066
2014,7,30,9,5064
2014,7,30,10,5780
2014,7,30,11,6055
2014,7,30,12,5803
2014,7,30,13,4984
2014,7,30,14,3925
2014,7,30,15,2781
2014,7,30,16,1832
2014,7,30,17,1293
2014,7,30,18,1335
2014,7,30,19,1944
2014,7,30,20,2981
2014,7,30,21,4189
2014,7,30,22,5223
2014,7,30,23,5870
2014,7,31,0,5948
2014,7,31,1,5468
2014,7,31,2,4523
2014,7,31,3,3498
2014,7,31,4,2555
2014,7,31,5,2028
2014,7,31,6,1982
2014,7,31,7,2478
2014,7,31,8,3299
2014,7,31,9,4292
2014,7,31,10,5125
2014,7,31,11,5644
2014,7,31,12,5694
2014,7,31,13,5257
2014,7,31,14,4395
2014,7,31,15,3372
2014,7,31,16,2384
2014,7,31,17,1635
2014,7,31,18,1404
2014,7,31,19,1715
2014,7,31,20,2471
2014,7,31,21,3591
2014,7,31,22,4668
2014,7,31,23,5491
2014,8,1,0,5843
2014,8,1,1,5715
2014,8,1,2,5008
2014,8,1,3,4080
2014,8,1,4,3082
2014,8,1,5,2338
2014,8,1,6,1991
2014,8,1,7,2153
2014,8,1,8,2687
2014,8,1,9,3550
2014,8,1,10,4385
2014,8,1,11,5075
2014,8,1,12,5403
2014,8,1,13,5316
2014,8,1,14,4783
2014,8,1,15,3971
2014,8,1,16,3034
2014,8,1,17,2200
2014,8,1,18,1694
2014,8,1,19,1677
2014,8,1,20,2177
2014,8,1,21,3060
2014,8,1,22,4133
2014,8,1,23,5076
2014,8,2,0,5641
2014,8,2,1,5782
2014,8,2,2,5416
2014,8,2,3,4649
2014,8,2,4,3744
2014,8,2,5,2910
2014,8,2,6,2304
2014,8,2,7,2137
2014,8,2,8,2364
2014,8,2,9,2930
2014,8,2,10,3706
2014,8,2,11,4428
2014,8,2,12,4948
2014,8,2,13,5163
2014,8,2,14,4997
2014,8,2,15,4463
2014,8,2,16,3734
2014,8,2,17,2919
2014,8,2,18,2290
2014,8,2,19,1956
2014,8,2,20,2135
2014,8,2,21,2683
2014,8,2,22,3563
2014,8,2,23,4474
2014,8,3,0,5226
2014,8,3,1,5624
2014,8,3,2,5624
2014,8,3,3,5161
2014,8,3,4,4418
2014,8,3,5,3562
2014,8,3,6,2833
2014,8,3,7,2351
2014,8,3,8,2207
2014,8,3,9,2445
2014,8,3,10,2930
2014,8,3,11,3595
2014,8,3,12,4235
2014,8,3,13,4702
2014,8,3,14,4888
2014,8,3,15,4753
2014,8,3,16,4249
2014,8,3,17,3596
2014,8,3,18,2905
2014,8,3,19,2398
2014,8,3,20,2248
2014,8,3,21,2497
2014,8,3,22,3119
2014,8,3,23,3915
2014,8,4,0,4710
2014,8,4,1,5278
2014,8,4,2,5579
2014,8,4,3,5459
2014,8,4,4,4990
2014,8,4,5,4335
2014,8,4,6,3543
2014,8,4,7,2880
2014,8,4,8,2362
2014,8,4,9,2238
2014,8,4,10,2377
2014,8,4,11,2865
2014,8,4,12,3484
2014,8,4,13,4117
2014,8,4,14,4555
2014,8,4,15,4753
2014,8,4,16,4648
2014,8,4,17,4208
2014,8,4,18,3636
2014,8,4,19,3048
2014,8,4,20,2660
2014,8,4,21,2576
2014,8,4,22,2820
2014,8,4,23,3379
2014,8,5,0,4086
2014,8,5,1,4747
2014,8,5,2,5278
2014,8,5,3,5535
2014,8,5,4,5440
2014,8,5,5,5012
2014,8,5,6,4388
2014,8,5,7,3599
2014,8,5,8,2878
2014,8,5,9,2336
2014,8,5,10,2107
2014,8,5,11,2227
2014,8,5,12,2616
2014,8,5,13,3246
2014,8,5,14,3888
2014,8,5,15,4379
2014,8,5,16,4684
2014,8,5,17,4657
2014,8,5,18,4319
2014,8,5,19,3837
2014,8,5,20,3285
2014,8,5,21,2909
2014,8,5,22,2752
2014,8,5,23,2936
2014,8,6,0,3397
2014,8,6,1,4010
2014,8,6,2,4715
2014,8,6,3,5248
2014,8,6,4,5588
2014,8,6,5,5545
2014,8,6,6,5146
2014,8,6,7,4470
2014,8,6,8,3602
2014,8,6,9,2814
2014,8,6,10,2138
2014,8,6,11,1813
2014,8,6,12,1854
2014,8,6,13,2245
2014,8,6,14,2918
2014,8,6,15,3665
2014,8,6,16,4318
2014,8,6,17,4742
2014,8,6,18,4818
2014,8,6,19,4573
2014,8,6,20,4050
2014,8,6,21,3445
2014,8,6,22,2933
2014,8,6,23,2699
2014,8,7,0,2768
2014,8,7,1,3196
2014,8,7,2,3881
2014,8,7,3,4621
2014,8,7,4,5308
2014,8,7,5,5738
2014,8,7,6,5803
2014,8,7,7,5424
2014,8,7,8,4669
2014,8,7,9,3673
2014,8,7,10,2691
2014,8,7,11,1854
2014,8,7,12,1437
2014,8,7,13,1481
2014,8,7,14,1971
2014,8,7,15,2773
2014,8,7,16,3726
2014,8,7,17,4492
2014,8,7,18,5050
2014,8,7,19,5186
2014,8,7,20,4935
2014,8,7,21,4347
2014,8,7,22,3624
2014,8,7,23,2944
2014,8,8,0,2536
2014,8,8,1,2548
2014,8,8,2,2974
2014,8,8,3,3800
2014,8,8,4,4725
2014,8,8,5,5588
2014,8,8,6,6150
2014,8,8,7,6240
2014,8,8,8,5782
2014,8,8,9,4868
2014,8,8,10,3652
2014,8,8,11,2475
2014,8,8,12,1458
2014,8,8,13,980
2014,8,8,14,1058
2014,8,8,15,1680
2014,8,8,16,2682
2014,8,8,17,3818
2014,8,8,18,4818
2014,8,8,19,5469
2014,8,8,20,5618
2014,8,8,21,5298
2014,8,8,22,4450
2014,8,8,23,3511
2014,8,9,0,2650
2014,8,9,1,2149
2014,8,9,2,2173
2014,8,9,3,2708
2014,8,9,4,3696
2014,8,9,5,4853
2014,8,9,6,5853
2014,8,9,7,6504
2014,8,9,8,6571
2014,8,9,9,5967
2014,8,9,10,4841
2014,8,9,11,3453
2014,8,9,12,2081
2014,8,9,13,1014
2014,8,9,14,548
2014,8,9,15,763
2014,8,9,16,1597
2014,8,9,17,2837
2014,8,9,18,4172
2014,8,9,19,5275
2014,8,9,20,5936
2014,8,9,21,5992
2014,8,9,22,5489
2014,8,9,23,4439
2014,8,10,0,3274
2014,8,10,1,2301
2014,8,10,2,1714
2014,8,10,3,1817
2014,8,10,4,2568
2014,8,10,5,3783
2014,8,10,6,5090
2014,8,10,7,6255
2014,8,10,8,6884
2014,8,10,9,6884
2014,8,10,10,6074
2014,8,10,11,4792
2014,8,10,12,3226
2014,8,10,13,1702
2014,8,10,14,642
2014,8,10,15,244
2014,8,10,16,721
2014,8,10,17,1740
2014,8,10,18,3213
2014,8,10,19,4659
2014,8,10,20,5854
2014,8,10,21,6417
2014,8,10,22,6327
2014,8,10,23,5495
2014,8,11,0,4260
2014,8,11,1,2851
2014,8,11,2,1796
2014,8,11,3,1263
2014,8,11,4,1536
2014,8,11,5,2465
2014,8,11,6,3879
2014,8,11,7,5312
2014,8,11,8,6498
2014,8,11,9,7059
2014,8,11,10,6913
2014,8,11,11,5911
2014,8,11,12,4482
2014,8,11,13,2794
2014,8,11,14,1316
2014,8,11,15,320
2014,8,11,16,162
2014,8,11,17,802
2014,8,11,18,2075
2014,8,11,19,3710
2014,8,11,20,5236
2014,8,11,21,6358
2014,8,11,22,6826
2014,8,11,23,6507
2014,8,12,0,5400
2014,8,12,1,4003
2014,8,12,2,2528
2014,8,12,3,1438
2014,8,12,4,989
2014,8,12,5,1439
2014,8,12,6,2505
2014,8,12,7,4124
2014,8,12,8,5581
2014,8,12,9,6753
2014,8,12,10,7159
2014,8,12,11,6860
2014,8,12,12,5701
2014,8,12,13,4159
2014,8,12,14,2485
2014,8,12,15,1076
2014,8,12,16,261
2014,8,12,17,299
2014,8,12,18,1174
2014,8,12,19,2588
2014,8,12,20,4300
2014,8,12,21,5768
2014,8,12,22,6722
2014,8,12,23,6934
2014,8,13,0,6414
2014,8,13,1,5075
2014,8,13,2,3575
2014,8,13,3,2095
2014,8,13,4,1096
2014,8,13,5,881
2014,8,13,6,1434
2014,8,13,7,2682
2014,8,13,8,4257
2014,8,13,9,5642
2014,8,13,10,6647
2014,8,13,11,6902
2014,8,13,12,6468
2014,8,13,13,5220
2014,8,13,14,3727
2014,8,13,15,2120
2014,8,13,16,924
2014,8,13,17,358
2014,8,13,18,662
2014,8,13,19,1675
2014,8,13,20,3223
2014,8,13,21,4821
2014,8,13,22,6151
2014,8,13,23,6821
2014,8,14,0,6797
2014,8,14,1,5982
2014,8,14,2,4637
2014,8,14,3,3137
2014,8,14,4,1798
2014,8,14,5,1003
2014,8,14,6,929
2014,8,14,7,1636
2014,8,14,8,2856
2014,8,14,9,4335
2014,8,14,10,5583
2014,8,14,11,6349
2014,8,14,12,6452
2014,8,14,13,5906
2014,8,14,14,4704
2014,8,14,15,3335
2014,8,14,16,1989
2014,8,14,17,1037
2014,8,14,18,771
2014,8,14,19,1241
2014,8,14,20,2325
2014,8,14,21,3823
2014,8,14,22,5212
2014,8,14,23,6287
2014,8,15,0,6706
2014,8,15,1,6534
2014,8,15,2,5585
2014,8,15,3,4315
2014,8,15,4,2904
2014,8,15,5,1790
2014,8,15,6,1151
2014,8,15,7,1254
2014,8,15,8,1964
2014,8,15,9,3127
2014,8,15,10,4378
2014,8,15,11,5429
2014,8,15,12,5999
2014,8,15,13,5996
2014,8,15,14,5405
2014,8,15,15,4356
2014,8,15,16,3177
2014,8,15,17,2102
2014,8,15,18,1469
2014,8,15,19,1416
2014,8,15,20,2004
2014,8,15,21,3048
2014,8,15,22,4310
2014,8,15,23,5434
2014,8,16,0,6207
2014,8,16,1,6413
2014,8,16,2,6106
2014,8,16,3,5169
2014,8,16,4,4042
2014,8,16,5,2860
2014,8,16,6,1928
2014,8,16,7,1433
2014,8,16,8,1582
2014,8,16,9,2173
2014,8,16,10,3205
2014,8,16,11,4238
2014,8,16,12,5099
2014,8,16,13,5502
2014,8,16,14,5465
2014,8,16,15,4912
2014,8,16,16,4082
2014,8,16,17,3098
2014,8,16,18,2340
2014,8,16,19,1891
2014,8,16,20,1991
2014,8,16,21,2542
2014,8,16,22,3468
2014,8,16,23,4486
2014,8,17,0,5363
2014,8,17,1,5905
2014,8,17,2,6027
2014,8,17,3,5633
2014,8,17,4,4849
2014,8,17,5,3897
2014,8,17,6,2928
2014,8,17,7,2181
2014,8,17,8,1756
2014,8,17,9,1851
2014,8,17,10,2309
2014,8,17,11,3134
2014,8,17,12,3982
2014,8,17,13,4679
2014,8,17,14,5089
2014,8,17,15,5067
2014,8,17,16,4666
2014,8,17,17,3983
2014,8,17,18,3264
2014,8,17,19,2664
2014,8,17,20,2393
2014,8,17,21,2509
2014,8,17,22,2936
2014,8,17,23,3754
2014,8,18,0,4463
2014,8,18,1,5206
2014,8,18,2,5633
2014,8,18,3,5731
2014,8,18,4,5353
2014,8,18,5,4771
2014,8,18,6,3962
2014,8,18,7,3129
2014,8,18,8,2439
2014,8,18,9,2032
2014,8,18,10,2021
2014,8,18,11,2387
2014,8,18,12,3011
2014,8,18,13,3743
2014,8,18,14,4393
2014,8,18,15,4780
2014,8,18,16,4870
2014,8,18,17,4627
2014,8,18,18,4098
2014,8,18,19,3555
2014,8,18,20,3060
2014,8,18,21,2813
2014,8,18,22,2853
2014,8,18,23,3215
2014,8,19,0,3779
2014,8,19,1,4409
2014,8,19,2,5001
2014,8,19,3,5372
2014,8,19,4,5530
2014,8,19,5,5319
2014,8,19,6,4859
2014,8,19,7,4147
2014,8,19,8,3340
2014,8,19,9,2607
2014,8,19,10,2116
2014,8,19,11,2010
2014,8,19,12,2262
2014,8,19,13,2827
2014,8,19,14,3531
2014,8,19,15,4152
2014,8,19,16,4605
2014,8,19,17,4767
2014,8,19,18,4653
2014,8,19,19,4273
2014,8,19,20,3813
2014,8,19,21,3372
2014,8,19,22,3066
2014,8,19,23,2998
2014,8,20,0,3192
2014,8,20,1,3604
2014,8,20,2,4186
2014,8,20,3,4762
2014,8,20,4,5271
2014,8,20,5,5531
2014,8,20,6,5420
2014,8,20,7,4983
2014,8,20,8,4247
2014,8,20,9,3370
2014,8,20,10,2570
2014,8,20,11,2009
2014,8,20,12,1824
2014,8,20,13,2093
2014,8,20,14,2632
2014,8,20,15,3408
2014,8,20,16,4098
2014,8,20,17,4645
2014,8,20,18,4899
2014,8,20,19,4848
2014,8,20,20,4518
2014,8,20,21,4018
2014,8,20,22,3488
2014,8,20,23,3086
2014,8,21,0,2914
2014,8,21,1,3021
2014,8,21,2,3467
2014,8,21,3,4074
2014,8,21,4,4778
2014,8,21,5,5339
2014,8,21,6,5648
2014,8,21,7,5570
2014,8,21,8,5059
2014,8,21,9,4272
2014,8,21,10,3305
2014,8,21,11,2453
2014,8,21,12,1827
2014,8,21,13,1682
2014,8,21,14,1936
2014,8,21,15,2586
2014,8,21,16,3444
2014,8,21,17,4232
2014,8,21,18,4867
2014,8,21,19,5128
2014,8,21,20,5081
2014,8,21,21,4630
2014,8,21,22,4024
2014,8,21,23,3358
2014,8,22,0,2853
2014,8,22,1,2670
2014,8,22,2,2815
2014,8,22,3,3350
2014,8,22,4,4089
2014,8,22,5,4914
2014,8,22,6,5514
2014,8,22,7,5820
2014,8,22,8,5631
2014,8,22,9,5000
2014,8,22,10,4072
2014,8,22,11,3026
2014,8,22,12,2114
2014,8,22,13,1537
2014,8,22,14,1462
2014,8,22,15,1871
2014,8,22,16,2656
2014,8,22,17,3623
2014,8,22,18,4494
2014,8,22,19,5137
2014,8,22,20,5370
2014,8,22,21,5180
2014,8,22,22,4587
2014,8,22,23,3812
2014,8,23,0,3015
2014,8,23,1,2503
2014,8,23,2,2344
2014,8,23,3,2676
2014,8,23,4,3375
2014,8,23,5,4309
2014,8,23,6,5185
2014,8,23,7,5792
2014,8,23,8,5966
2014,8,23,9,5622
2014,8,23,10,4833
2014,8,23,11,3747
2014,8,23,12,2651
2014,8,23,13,1732
2014,8,23,14,1296
2014,8,23,15,1415
2014,8,23,16,2035
2014,8,23,17,2999
2014,8,23,18,4088
2014,8,23,19,4951
2014,8,23,20,5504
2014,8,23,21,5562
2014,8,23,22,5151
2014,8,23,23,4332
2014,8,24,0,3421
2014,8,24,1,2626
2014,8,24,2,2172
2014,8,24,3,2219
2014,8,24,4,2720
2014,8,24,5,3672
2014,8,24,6,4634
2014,8,24,7,5516
2014,8,24,8,5992
2014,8,24,9,6009
2014,8,24,10,5419
2014,8,24,11,4469
2014,8,24,12,3271
2014,8,24,13,2158
2014,8,24,14,1338
2014,8,24,15,1133
2014,8,24,16,1495
2014,8,24,17,2342
2014,8,24,18,3519
2014,8,24,19,4598
2014,8,24,20,5434
2014,8,24,21,5772
2014,8,24,22,5616
2014,8,24,23,4875
2014,8,25,0,3945
2014,8,25,1,2931
2014,8,25,2,2188
2014,8,25,3,1917
2014,8,25,4,2178
2014,8,25,5,2984
2014,8,25,6,4057
2014,8,25,7,5100
2014,8,25,8,5910
2014,8,25,9,6208
2014,8,25,10,5978
2014,8,25,11,5148
2014,8,25,12,4027
2014,8,25,13,2759
2014,8,25,14,1732
2014,8,25,15,1139
2014,8,25,16,1247
2014,8,25,17,1886
2014,8,25,18,2994
2014,8,25,19,4241
2014,8,25,20,5259
2014,8,25,21,5898
2014,8,25,22,5970
2014,8,25,23,5467
2014,8,26,0,4515
2014,8,26,1,3420
2014,8,26,2,2430
2014,8,26,3,1874
2014,8,26,4,1827
2014,8,26,5,2425
2014,8,26,6,3380
2014,8,26,7,4527
2014,8,26,8,5532
2014,8,26,9,6133
2014,8,26,10,6248
2014,8,26,11,5707
2014,8,26,12,4690
2014,8,26,13,3434
2014,8,26,14,2246
2014,8,26,15,1381
2014,8,26,16,1126
2014,8,26,17,1484
2014,8,26,18,2423
2014,8,26,19,3669
2014,8,26,20,4850
2014,8,26,21,5754
2014,8,26,22,6131
2014,8,26,23,5877
2014,8,27,0,5037
2014,8,27,1,3925
2014,8,27,2,2766
2014,8,27,3,1942
2014,8,27,4,1588
2014,8,27,5,1895
2014,8,27,6,2668
2014,8,27,7,3847
2014,8,27,8,4939
2014,8,27,9,5807
2014,8,27,10,6171
2014,8,27,11,5989
2014,8,27,12,5166
2014,8,27,13,4073
2014,8,27,14,2826
2014,8,27,15,1799
2014,8,27,16,1215
2014,8,27,17,1306
2014,8,27,18,1959
2014,8,27,19,3075
2014,8,27,20,4342
2014,8,27,21,5407
2014,8,27,22,6077
2014,8,27,23,6128
2014,8,28,0,5570
2014,8,28,1,4506
2014,8,28,2,3312
2014,8,28,3,2259
2014,8,28,4,1622
2014,8,28,5,1587
2014,8,28,6,2125
2014,8,28,7,3084
2014,8,28,8,4260
2014,8,28,9,5256
2014,8,28,10,5908
2014,8,28,11,6038
2014,8,28,12,5598
2014,8,28,13,4651
2014,8,28,14,3478
2014,8,28,15,2374
2014,8,28,16,1552
2014,8,28,17,1312
2014,8,28,18,1709
2014,8,28,19,2590
2014,8,28,20,3866
2014,8,28,21,5010
2014,8,28,22,5899
2014,8,28,23,6208
2014,8,29,0,5951
2014,8,29,1,5070
2014,8,29,2,3966
2014,8,29,3,2821
2014,8,29,4,1969
2014,8,29,5,1572
2014,8,29,6,1846
2014,8,29,7,2505
2014,8,29,8,3634
2014,8,29,9,4665
2014,8,29,10,5523
2014,8,29,11,5940
2014,8,29,12,5855
2014,8,29,13,5180
2014,8,29,14,4251
2014,8,29,15,3142
2014,8,29,16,2208
2014,8,29,17,1729
2014,8,29,18,1751
2014,8,29,19,2371
2014,8,29,20,3400
2014,8,29,21,4594
2014,8,29,22,5617
2014,8,29,23,6198
2014,8,30,0,6242
2014,8,30,1,5669
2014,8,30,2,4686
2014,8,30,3,3553
2014,8,30,4,2569
2014,8,30,5,1877
2014,8,30,6,1803
2014,8,30,7,2168
2014,8,30,8,2968
2014,8,30,9,4003
2014,8,30,10,4907
2014,8,30,11,5571
2014,8,30,12,5784
2014,8,30,13,5493
2014,8,30,14,4734
2014,8,30,15,3787
2014,8,30,16,2823
2014,8,30,17,2135
2014,8,30,18,1894
2014,8,30,19,2177
2014,8,30,20,2935
2014,8,30,21,3994
2014,8,30,22,5007
2014,8,30,23,5814
2014,8,31,0,6101
2014,8,31,1,5925
2014,8,31,2,5164
2014,8,31,3,4189
2014,8,31,4,3121
2014,8,31,5,2308
2014,8,31,6,1854
2014,8,31,7,1895
2014,8,31,8,2381
2014,8,31,9,3184
2014,8,31,10,4105
2014,8,31,11,4882
2014,8,31,12,5357
2014,8,31,13,5416
2014,8,31,14,5046
2014,8,31,15,4348
2014,8,31,16,3501
2014,8,31,17,2748
2014,8,31,18,2285
2014,8,31,19,2263
2014,8,31,20,2669
2014,8,31,21,3541
2014,8,31,22,4443
2014,8,31,23,5349
2014,9,1,0,5911
2014,9,1,1,6048
2014,9,1,2,5668
2014,9,1,3,4931
2014,9,1,4,3988
2014,9,1,5,3107
2014,9,1,6,2405
2014,9,1,7,2076
2014,9,1,8,2173
2014,9,1,9,2621
2014,9,1,10,3363
2014,9,1,11,4133
2014,9,1,12,4792
2014,9,1,13,5122
2014,9,1,14,5144
2014,9,1,15,4737
2014,9,1,16,4156
2014,9,1,17,3446
2014,9,1,18,2836
2014,9,1,19,2538
2014,9,1,20,2607
2014,9,1,21,3056
2014,9,1,22,3813
2014,9,1,23,4635
2014,9,2,0,5289
2014,9,2,1,5750
2014,9,2,2,5736
2014,9,2,3,5317
2014,9,2,4,4651
2014,9,2,5,3803
2014,9,2,6,3015
2014,9,2,7,2443
2014,9,2,8,2123
2014,9,2,9,2203
2014,9,2,10,2565
2014,9,2,11,3203
2014,9,2,12,3882
2014,9,2,13,4486
2014,9,2,14,4810
2014,9,2,15,4856
2014,9,2,16,4563
2014,9,2,17,4065
2014,9,2,18,3466
2014,9,2,19,2963
2014,9,2,20,2724
2014,9,2,21,2789
2014,9,2,22,3209
2014,9,2,23,3843
2014,9,3,0,4535
2014,9,3,1,5122
2014,9,3,2,5450
2014,9,3,3,5493
2014,9,3,4,5167
2014,9,3,5,4605
2014,9,3,6,3859
2014,9,3,7,3099
2014,9,3,8,2428
2014,9,3,9,2040
2014,9,3,10,1974
2014,9,3,11,2288
2014,9,3,12,2843
2014,9,3,13,3533
2014,9,3,14,4157
2014,9,3,15,4600
2014,9,3,16,4739
2014,9,3,17,4579
2014,9,3,18,4138
2014,9,3,19,3626
2014,9,3,20,3139
2014,9,3,21,2856
2014,9,3,22,2848
2014,9,3,23,3116
2014,9,4,0,3660
2014,9,4,1,4256
2014,9,4,2,4890
2014,9,4,3,5313
2014,9,4,4,5486
2014,9,4,5,5287
2014,9,4,6,4772
2014,9,4,7,4016
2014,9,4,8,3148
2014,9,4,9,2400
2014,9,4,10,1857
2014,9,4,11,1752
2014,9,4,12,1970
2014,9,4,13,2511
2014,9,4,14,3264
2014,9,4,15,3988
2014,9,4,16,4543
2014,9,4,17,4831
2014,9,4,18,4782
2014,9,4,19,4420
2014,9,4,20,3904
2014,9,4,21,3306
2014,9,4,22,2857
2014,9,4,23,2678
2014,9,5,0,2807
2014,9,5,1,3310
2014,9,5,2,3994
2014,9,5,3,4753
2014,9,5,4,5343
2014,9,5,5,5648
2014,9,5,6,5576
2014,9,5,7,5048
2014,9,5,8,4208
2014,9,5,9,3214
2014,9,5,10,2294
2014,9,5,11,1612
2014,9,5,12,1396
2014,9,5,13,1613
2014,9,5,14,2201
2014,9,5,15,3100
2014,9,5,16,3985
2014,9,5,17,4742
2014,9,5,18,5166
2014,9,5,19,5166
2014,9,5,20,4771
2014,9,5,21,4063
2014,9,5,22,3253
2014,9,5,23,2606
2014,9,6,0,2247
2014,9,6,1,2370
2014,9,6,2,2881
2014,9,6,3,3799
2014,9,6,4,4727
2014,9,6,5,5550
2014,9,6,6,6001
2014,9,6,7,5962
2014,9,6,8,5350
2014,9,6,9,4403
2014,9,6,10,3181
2014,9,6,11,2102
2014,9,6,12,1257
2014,9,6,13,1003
2014,9,6,14,1265
2014,9,6,15,2072
2014,9,6,16,3165
2014,9,6,17,4287
2014,9,6,18,5200
2014,9,6,19,5678
2014,9,6,20,5674
2014,9,6,21,5131
2014,9,6,22,4192
2014,9,6,23,3150
2014,9,7,0,2266
2014,9,7,1,1817
2014,9,7,2,1941
2014,9,7,3,2647
2014,9,7,4,3792
2014,9,7,5,4978
2014,9,7,6,5956
2014,9,7,7,6477
2014,9,7,8,6369
2014,9,7,9,5604
2014,9,7,10,4458
2014,9,7,11,3066
2014,9,7,12,1820
2014,9,7,13,951
2014,9,7,14,716
2014,9,7,15,1202
2014,9,7,16,2174
2014,9,7,17,3533
2014,9,7,18,4832
2014,9,7,19,5836
2014,9,7,20,6294
2014,9,7,21,6150
2014,9,7,22,5278
2014,9,7,23,4113
2014,9,8,0,2806
2014,9,8,1,1789
2014,9,8,2,1337
2014,9,8,3,1607
2014,9,8,4,2516
2014,9,8,5,3893
2014,9,8,6,5220
2014,9,8,7,6322
2014,9,8,8,6804
2014,9,8,9,6640
2014,9,8,10,5679
2014,9,8,11,4346
2014,9,8,12,2781
2014,9,8,13,1435
2014,9,8,14,585
2014,9,8,15,529
2014,9,8,16,1187
2014,9,8,17,2442
2014,9,8,18,3983
2014,9,8,19,5370
2014,9,8,20,6378
2014,9,8,21,6663
2014,9,8,22,6283
2014,9,8,23,5105
2014,9,9,0,3713
2014,9,9,1,2251
2014,9,9,2,1202
2014,9,9,3,844
2014,9,9,4,1298
2014,9,9,5,2432
2014,9,9,6,3971
2014,9,9,7,5422
2014,9,9,8,6553
2014,9,9,9,6930
2014,9,9,10,6651
2014,9,9,11,5479
2014,9,9,12,3983
2014,9,9,13,2359
2014,9,9,14,1022
2014,9,9,15,330
2014,9,9,16,507
2014,9,9,17,1424
2014,9,9,18,2890
2014,9,9,19,4523
2014,9,9,20,5926
2014,9,9,21,6745
2014,9,9,22,6818
2014,9,9,23,6137
2014,9,10,0,4744
2014,9,10,1,3188
2014,9,10,2,1680
2014,9,10,3,715
2014,9,10,4,534
2014,9,10,5,1237
2014,9,10,6,2492
2014,9,10,7,4145
2014,9,10,8,5573
2014,9,10,9,6575
2014,9,10,10,6850
2014,9,10,11,6382
2014,9,10,12,5075
2014,9,10,13,3560
2014,9,10,14,1967
2014,9,10,15,797
2014,9,10,16,331
2014,9,10,17,773
2014,9,10,18,1901
2014,9,10,19,3464
2014,9,10,20,5101
2014,9,10,21,6357
2014,9,10,22,6955
2014,9,10,23,6818
2014,9,11,0,5790
2014,9,11,1,4318
2014,9,11,2,2674
2014,9,11,3,1271
2014,9,11,4,478
2014,9,11,5,539
2014,9,11,6,1408
2014,9,11,7,2753
2014,9,11,8,4405
2014,9,11,9,5731
2014,9,11,10,6557
2014,9,11,11,6641
2014,9,11,12,5998
2014,9,11,13,4655
2014,9,11,14,3160
2014,9,11,15,1734
2014,9,11,16,806
2014,9,11,17,666
2014,9,11,18,1304
2014,9,11,19,2543
2014,9,11,20,4138
2014,9,11,21,5545
2014,9,11,22,6575
2014,9,11,23,6898
2014,9,12,0,6520
2014,9,12,1,5330
2014,9,12,2,3863
2014,9,12,3,2314
2014,9,12,4,1103
2014,9,12,5,523
2014,9,12,6,762
2014,9,12,7,1665
2014,9,12,8,3081
2014,9,12,9,4554
2014,9,12,10,5757
2014,9,12,11,6324
2014,9,12,12,6275
2014,9,12,13,5479
2014,9,12,14,4232
2014,9,12,15,2877
2014,9,12,16,1718
2014,9,12,17,1134
2014,9,12,18,1226
2014,9,12,19,2019
2014,9,12,20,3248
2014,9,12,21,4662
2014,9,12,22,5809
2014,9,12,23,6538
2014,9,13,0,6653
2014,9,13,1,6082
2014,9,13,2,4896
2014,9,13,3,3516
2014,9,13,4,2134
2014,9,13,5,1132
2014,9,13,6,776
2014,9,13,7,1141
2014,9,13,8,2063
2014,9,13,9,3393
2014,9,13,10,4652
2014,9,13,11,5612
2014,9,13,12,6015
2014,9,13,13,5818
2014,9,13,14,5005
2014,9,13,15,3902
2014,9,13,16,2772
2014,9,13,17,1921
2014,9,13,18,1601
2014,9,13,19,1877
2014,9,13,20,2666
2014,9,13,21,3848
2014,9,13,22,4976
2014,9,13,23,5878
2014,9,14,0,6361
2014,9,14,1,6257
2014,9,14,2,5554
2014,9,14,3,4509
2014,9,14,4,3286
2014,9,14,5,2191
2014,9,14,6,1440
2014,9,14,7,1240
2014,9,14,8,1615
2014,9,14,9,2451
2014,9,14,10,3598
2014,9,14,11,4633
2014,9,14,12,5342
2014,9,14,13,5598
2014,9,14,14,5356
2014,9,14,15,4612
2014,9,14,16,3760
2014,9,14,17,2863
2014,9,14,18,2304
2014,9,14,19,2145
2014,9,14,20,2503
2014,9,14,21,3224
2014,9,14,22,4180
2014,9,14,23,5067
2014,9,15,0,5722
2014,9,15,1,6005
2014,9,15,2,5805
2014,9,15,3,5149
2014,9,15,4,4258
2014,9,15,5,3243
2014,9,15,6,2370
2014,9,15,7,1798
2014,9,15,8,1697
2014,9,15,9,2018
2014,9,15,10,2761
2014,9,15,11,3647
2014,9,15,12,4464
2014,9,15,13,4990
2014,9,15,14,5154
2014,9,15,15,4981
2014,9,15,16,4425
2014,9,15,17,3792
2014,9,15,18,3153
2014,9,15,19,2769
2014,9,15,20,2684
2014,9,15,21,2968
2014,9,15,22,3538
2014,9,15,23,4237
2014,9,16,0,4898
2014,9,16,1,5411
2014,9,16,2,5610
2014,9,16,3,5431
2014,9,16,4,4952
2014,9,16,5,4219
2014,9,16,6,3420
2014,9,16,7,2674
2014,9,16,8,2173
2014,9,16,9,2022
2014,9,16,10,2293
2014,9,16,11,2840
2014,9,16,12,3582
2014,9,16,13,4218
2014,9,16,14,4694
2014,9,16,15,4885
2014,9,16,16,4804
2014,9,16,17,4419
2014,9,16,18,3963
2014,9,16,19,3468
2014,9,16,20,3165
2014,9,16,21,3045
2014,9,16,22,3224
2014,9,16,23,3632
2014,9,17,0,4160
2014,9,17,1,4705
2014,9,17,2,5117
2014,9,17,3,5325
2014,9,17,4,5253
2014,9,17,5,4920
2014,9,17,6,4349
2014,9,17,7,3644
2014,9,17,8,2949
2014,9,17,9,2431
2014,9,17,10,2215
2014,9,17,11,2344
2014,9,17,12,2774
2014,9,17,13,3405
2014,9,17,14,4028
2014,9,17,15,4542
2014,9,17,16,4834
2014,9,17,17,4868
2014,9,17,18,4605
2014,9,17,19,4248
2014,9,17,20,3759
2014,9,17,21,3431
2014,9,17,22,3205
2014,9,17,23,3272
2014,9,18,0,3524
2014,9,18,1,4010
2014,9,18,2,4503
2014,9,18,3,4981
2014,9,18,4,5274
2014,9,18,5,5299
2014,9,18,6,5034
2014,9,18,7,4537
2014,9,18,8,3821
2014,9,18,9,3146
2014,9,18,10,2574
2014,9,18,11,2333
2014,9,18,12,2366
2014,9,18,13,2730
2014,9,18,14,3362
2014,9,18,15,4028
2014,9,18,16,4639
2014,9,18,17,5043
2014,9,18,18,5135
2014,9,18,19,4970
2014,9,18,20,4575
2014,9,18,21,4072
2014,9,18,22,3586
2014,9,18,23,3298
2014,9,19,0,3204
2014,9,19,1,3483
2014,9,19,2,3905
2014,9,19,3,4508
2014,9,19,4,5022
2014,9,19,5,5427
2014,9,19,6,5498
2014,9,19,7,5222
2014,9,19,8,4673
2014,9,19,9,3871
2014,9,19,10,3076
2014,9,19,11,2417
2014,9,19,12,2084
2014,9,19,13,2140
2014,9,19,14,2572
2014,9,19,15,3298
2014,9,19,16,4063
2014,9,19,17,4737
2014,9,19,18,5143
2014,9,19,19,5236
2014,9,19,20,4980
2014,9,19,21,4435
2014,9,19,22,3754
2014,9,19,23,3134
2014,9,20,0,2731
2014,9,20,1,2669
2014,9,20,2,2977
2014,9,20,3,3581
2014,9,20,4,4338
2014,9,20,5,5015
2014,9,20,6,5488
2014,9,20,7,5575
2014,9,20,8,5255
2014,9,20,9,4582
2014,9,20,10,3708
2014,9,20,11,2892
2014,9,20,12,2221
2014,9,20,13,1936
2014,9,20,14,2123
2014,9,20,15,2684
2014,9,20,16,3560
2014,9,20,17,4436
2014,9,20,18,5148
2014,9,20,19,5549
2014,9,20,20,5534
2014,9,20,21,5090
2014,9,20,22,4362
2014,9,20,23,3557
2014,9,21,0,2827
2014,9,21,1,2474
2014,9,21,2,2516
2014,9,21,3,2970
2014,9,21,4,3770
2014,9,21,5,4623
2014,9,21,6,5401
2014,9,21,7,5853
2014,9,21,8,5862
2014,9,21,9,5357
2014,9,21,10,4523
2014,9,21,11,3486
2014,9,21,12,2570
2014,9,21,13,1950
2014,9,21,14,1790
2014,9,21,15,2227
2014,9,21,16,3000
2014,9,21,17,4082
2014,9,21,18,4994
2014,9,21,19,5705
2014,9,21,20,5951
2014,9,21,21,5776
2014,9,21,22,5082
2014,9,21,23,4230
2014,9,22,0,3283
2014,9,22,1,2567
2014,9,22,2,2230
2014,9,22,3,2409
2014,9,22,4,3041
2014,9,22,5,4023
2014,9,22,6,4997
2014,9,22,7,5759
2014,9,22,8,6097
2014,9,22,9,5894
2014,9,22,10,5134
2014,9,22,11,4126
2014,9,22,12,2998
2014,9,22,13,2072
2014,9,22,14,1597
2014,9,22,15,1672
2014,9,22,16,2312
2014,9,22,17,3340
2014,9,22,18,4446
2014,9,22,19,5387
2014,9,22,20,5933
2014,9,22,21,5997
2014,9,22,22,5453
2014,9,22,23,4543
2014,9,23,0,3448
2014,9,23,1,2482
2014,9,23,2,1881
2014,9,23,3,1804
2014,9,23,4,2330
2014,9,23,5,3243
2014,9,23,6,4375
2014,9,23,7,5368
2014,9,23,8,6013
2014,9,23,9,6155
2014,9,23,10,5696
2014,9,23,11,4811
2014,9,23,12,3616
2014,9,23,13,2565
2014,9,23,14,1729
2014,9,23,15,1487
2014,9,23,16,1899
2014,9,23,17,2801
2014,9,23,18,4037
2014,9,23,19,5162
2014,9,23,20,6028
2014,9,23,21,6358
2014,9,23,22,6121
2014,9,23,23,5224
2014,9,24,0,4147
2014,9,24,1,2994
2014,9,24,2,2086
2014,9,24,3,1660
2014,9,24,4,1921
2014,9,24,5,2643
2014,9,24,6,3876
2014,9,24,7,5029
2014,9,24,8,5970
2014,9,24,9,6452
2014,9,24,10,6369
2014,9,24,11,5589
2014,9,24,12,4472
2014,9,24,13,3261
2014,9,24,14,2193
2014,9,24,15,1659
2014,9,24,16,1764
2014,9,24,17,2433
2014,9,24,18,3633
2014,9,24,19,4904
2014,9,24,20,5945
2014,9,24,21,6574
2014,9,24,22,6548
2014,9,24,23,5867
2014,9,25,0,4810
2014,9,25,1,3518
2014,9,25,2,2430
2014,9,25,3,1705
2014,9,25,4,1653
2014,9,25,5,2133
2014,9,25,6,3126
2014,9,25,7,4367
2014,9,25,8,5447
2014,9,25,9,6234
2014,9,25,10,6470
2014,9,25,11,6118
2014,9,25,12,5134
2014,9,25,13,3972
2014,9,25,14,2762
2014,9,25,15,1912
2014,9,25,16,1672
2014,9,25,17,2068
2014,9,25,18,3021
2014,9,25,19,4322
2014,9,25,20,5530
2014,9,25,21,6420
2014,9,25,22,6732
2014,9,25,23,6390
2014,9,26,0,5413
2014,9,26,1,4164
2014,9,26,2,2840
2014,9,26,3,1844
2014,9,26,4,1389
2014,9,26,5,1620
2014,9,26,6,2387
2014,9,26,7,3575
2014,9,26,8,4796
2014,9,26,9,5798
2014,9,26,10,6301
2014,9,26,11,6251
2014,9,26,12,5545
2014,9,26,13,4507
2014,9,26,14,3291
2014,9,26,15,2350
2014,9,26,16,1757
2014,9,26,17,1908
2014,9,26,18,2534
2014,9,26,19,3688
2014,9,26,20,4927
2014,9,26,21,5974
2014,9,26,22,6574
2014,9,26,23,6555
2014,9,27,0,5881
2014,9,27,1,4771
2014,9,27,2,3432
2014,9,27,3,2291
2014,9,27,4,1476
2014,9,27,5,1373
2014,9,27,6,1783
2014,9,27,7,2754
2014,9,27,8,3985
2014,9,27,9,5117
2014,9,27,10,5933
2014,9,27,11,6217
2014,9,27,12,5943
2014,9,27,13,5055
2014,9,27,14,3983
2014,9,27,15,2893
2014,9,27,16,2138
2014,9,27,17,1892
2014,9,27,18,2266
2014,9,27,19,3119
2014,9,27,20,4338
2014,9,27,21,5466
2014,9,27,22,6282
2014,9,27,23,6592
2014,9,28,0,6324
2014,9,28,1,5420
2014,9,28,2,4219
2014,9,28,3,3003
2014,9,28,4,1970
2014,9,28,5,1471
2014,9,28,6,1552
2014,9,28,7,2216
2014,9,28,8,3241
2014,9,28,9,4440
2014,9,28,10,5430
2014,9,28,11,6003
2014,9,28,12,6069
2014,9,28,13,5625
2014,9,28,14,4712
2014,9,28,15,3707
2014,9,28,16,2844
2014,9,28,17,2336
2014,9,28,18,2339
2014,9,28,19,2886
2014,9,28,20,3838
2014,9,28,21,4928
2014,9,28,22,5913
2014,9,28,23,6459
2014,9,29,0,6552
2014,9,29,1,6046
2014,9,29,2,4987
2014,9,29,3,3824
2014,9,29,4,2677
2014,9,29,5,1834
2014,9,29,6,1552
2014,9,29,7,1783
2014,9,29,8,2504
2014,9,29,9,3545
2014,9,29,10,4545
2014,9,29,11,5363
2014,9,29,12,5730
2014,9,29,13,5670
2014,9,29,14,5110
2014,9,29,15,4310
2014,9,29,16,3472
2014,9,29,17,2807
2014,9,29,18,2517
2014,9,29,19,2660
2014,9,29,20,3272
2014,9,29,21,4168
2014,9,29,22,5162
2014,9,29,23,5923
2014,9,30,0,6335
2014,9,30,1,6195
2014,9,30,2,5535
2014,9,30,3,4563
2014,9,30,4,3474
2014,9,30,5,2542
2014,9,30,6,1875
2014,9,30,7,1716
2014,9,30,8,2019
2014,9,30,9,2686
2014,9,30,10,3617
2014,9,30,11,4474
2014,9,30,12,5092
2014,9,30,13,5354
2014,9,30,14,5221
2014,9,30,15,4693
2014,9,30,16,4034
2014,9,30,17,3332
2014,9,30,18,2836
2014,9,30,19,2668
2014,9,30,20,2851
2014,9,30,21,3433
2014,9,30,22,4184
2014,9,30,23,4981
2014,10,1,0,5613
2014,10,1,1,5865
2014,10,1,2,5706
2014,10,1,3,5093
2014,10,1,4,4270
2014,10,1,5,3315
2014,10,1,6,2489
2014,10,1,7,1935
2014,10,1,8,1793
2014,10,1,9,2045
2014,10,1,10,2660
2014,10,1,11,3481
2014,10,1,12,4209
2014,10,1,13,4797
2014,10,1,14,5069
2014,10,1,15,4965
2014,10,1,16,4587
2014,10,1,17,4043
2014,10,1,18,3429
2014,10,1,19,3006
2014,10,1,20,2790
2014,10,1,21,2940
2014,10,1,22,3414
2014,10,1,23,4067
2014,10,2,0,4775
2014,10,2,1,5312
2014,10,2,2,5568
2014,10,2,3,5450
2014,10,2,4,4967
2014,10,2,5,4224
2014,10,2,6,3437
2014,10,2,7,2598
2014,10,2,8,2101
2014,10,2,9,1841
2014,10,2,10,2018
2014,10,2,11,2486
2014,10,2,12,3211
2014,10,2,13,3914
2014,10,2,14,4579
2014,10,2,15,4925
2014,10,2,16,5016
2014,10,2,17,4752
2014,10,2,18,4275
2014,10,2,19,3687
2014,10,2,20,3238
2014,10,2,21,2903
2014,10,2,22,2942
2014,10,2,23,3277
2014,10,3,0,3903
2014,10,3,1,4635
2014,10,3,2,5240
2014,10,3,3,5671
2014,10,3,4,5708
2014,10,3,5,5415
2014,10,3,6,4805
2014,10,3,7,4028
2014,10,3,8,3169
2014,10,3,9,2502
2014,10,3,10,2134
2014,10,3,11,2153
2014,10,3,12,2563
2014,10,3,13,3223
2014,10,3,14,4008
2014,10,3,15,4729
2014,10,3,16,5289
2014,10,3,17,5464
2014,10,3,18,5314
2014,10,3,19,4798
2014,10,3,20,4111
2014,10,3,21,3442
2014,10,3,22,2956
2014,10,3,23,2797
2014,10,4,0,3026
2014,10,4,1,3595
2014,10,4,2,4344
2014,10,4,3,5070
2014,10,4,4,5617
2014,10,4,5,5815
2014,10,4,6,5578
2014,10,4,7,4948
2014,10,4,8,4053
2014,10,4,9,3101
2014,10,4,10,2292
2014,10,4,11,1805
2014,10,4,12,1745
2014,10,4,13,2149
2014,10,4,14,2896
2014,10,4,15,3849
2014,10,4,16,4775
2014,10,4,17,5448
2014,10,4,18,5731
2014,10,4,19,5555
2014,10,4,20,4901
2014,10,4,21,4060
2014,10,4,22,3166
2014,10,4,23,2524
2014,10,5,0,2241
2014,10,5,1,2446
2014,10,5,2,3062
2014,10,5,3,3972
2014,10,5,4,4939
2014,10,5,5,5659
2014,10,5,6,6035
2014,10,5,7,5878
2014,10,5,8,5181
2014,10,5,9,4168
2014,10,5,10,3038
2014,10,5,11,2067
2014,10,5,12,1513
2014,10,5,13,1441
2014,10,5,14,1993
2014,10,5,15,2925
2014,10,5,16,4106
2014,10,5,17,5198
2014,10,5,18,6014
2014,10,5,19,6336
2014,10,5,20,6128
2014,10,5,21,5184
2014,10,5,22,4202
2014,10,5,23,2955
2014,10,6,0,2113
2014,10,6,1,1683
2014,10,6,2,1993
2014,10,6,3,2719
2014,10,6,4,3968
2014,10,6,5,5097
2014,10,6,6,6033
2014,10,6,7,6432
2014,10,6,8,6216
2014,10,6,9,5345
2014,10,6,10,4166
2014,10,6,11,2855
2014,10,6,12,1791
2014,10,6,13,1142
2014,10,6,14,1259
2014,10,6,15,1896
2014,10,6,16,3088
2014,10,6,17,4439
2014,10,6,18,5618
2014,10,6,19,6437
2014,10,6,20,6586
2014,10,6,21,6093
2014,10,6,22,4954
2014,10,6,23,3617
2014,10,7,0,2314
2014,10,7,1,1364
2014,10,7,2,1093
2014,10,7,3,1550
2014,10,7,4,2553
2014,10,7,5,3996
2014,10,7,6,5277
2014,10,7,7,6278
2014,10,7,8,6617
2014,10,7,9,6321
2014,10,7,10,5283
2014,10,7,11,3947
2014,10,7,12,2575
2014,10,7,13,1442
2014,10,7,14,958
2014,10,7,15,1194
2014,10,7,16,2110
2014,10,7,17,3522
2014,10,7,18,4994
2014,10,7,19,6212
2014,10,7,20,6873
2014,10,7,21,6856
2014,10,7,22,6033
2014,10,7,23,4699
2014,10,8,0,3188
2014,10,8,1,1791
2014,10,8,2,881
2014,10,8,3,746
2014,10,8,4,1389
2014,10,8,5,2656
2014,10,8,6,4234
2014,10,8,7,5600
2014,10,8,8,6546
2014,10,8,9,6831
2014,10,8,10,6389
2014,10,8,11,5173
2014,10,8,12,3749
2014,10,8,13,2321
2014,10,8,14,1262
2014,10,8,15,946
2014,10,8,16,1446
2014,10,8,17,2548
2014,10,8,18,4137
2014,10,8,19,5584
2014,10,8,20,6737
2014,10,8,21,7183
2014,10,8,22,6928
2014,10,8,23,5822
2014,10,9,0,4356
2014,10,9,1,2692
2014,10,9,2,1315
2014,10,9,3,524
2014,10,9,4,605
2014,10,9,5,1526
2014,10,9,6,2929
2014,10,9,7,4600
2014,10,9,8,5917
2014,10,9,9,6727
2014,10,9,10,6833
2014,10,9,11,6181
2014,10,9,12,4919
2014,10,9,13,3481
2014,10,9,14,2144
2014,10,9,15,1317
2014,10,9,16,1254
2014,10,9,17,1952
2014,10,9,18,3214
2014,10,9,19,4810
2014,10,9,20,6180
2014,10,9,21,7089
2014,10,9,22,7325
2014,10,9,23,6765
2014,10,10,0,5486
2014,10,10,1,3917
2014,10,10,2,2290
2014,10,10,3,1015
2014,10,10,4,534
2014,10,10,5,822
2014,10,10,6,1970
2014,10,10,7,3423
2014,10,10,8,4977
2014,10,10,9,6263
2014,10,10,10,6896
2014,10,10,11,6783
2014,10,10,12,6041
2014,10,10,13,4698
2014,10,10,14,3420
2014,10,10,15,2176
2014,10,10,16,1579
2014,10,10,17,1716
2014,10,10,18,2569
2014,10,10,19,3865
2014,10,10,20,5389
2014,10,10,21,6576
2014,10,10,22,7176
2014,10,10,23,7180
2014,10,11,0,6371
2014,10,11,1,5039
2014,10,11,2,3457
2014,10,11,3,1987
2014,10,11,4,939
2014,10,11,5,720
2014,10,11,6,1183
2014,10,11,7,2325
2014,10,11,8,3799
2014,10,11,9,5199
2014,10,11,10,6247
2014,10,11,11,6682
2014,10,11,12,6423
2014,10,11,13,5496
2014,10,11,14,4253
2014,10,11,15,3004
2014,10,11,16,2151
2014,10,11,17,1822
2014,10,11,18,2197
2014,10,11,19,3132
2014,10,11,20,4410
2014,10,11,21,5684
2014,10,11,22,6575
2014,10,11,23,6944
2014,10,12,0,6676
2014,10,12,1,5691
2014,10,12,2,4382
2014,10,12,3,2944
2014,10,12,4,1735
2014,10,12,5,976
2014,10,12,6,941
2014,10,12,7,1539
2014,10,12,8,2618
2014,10,12,9,4022
2014,10,12,10,5167
2014,10,12,11,5974
2014,10,12,12,6153
2014,10,12,13,5802
2014,10,12,14,4876
2014,10,12,15,3831
2014,10,12,16,2891
2014,10,12,17,2296
2014,10,12,18,2246
2014,10,12,19,2809
2014,10,12,20,3743
2014,10,12,21,4870
2014,10,12,22,5858
2014,10,12,23,6531
2014,10,13,0,6683
2014,10,13,1,6234
2014,10,13,2,5287
2014,10,13,3,4047
2014,10,13,4,2878
2014,10,13,5,1891
2014,10,13,6,1384
2014,10,13,7,1535
2014,10,13,8,2120
2014,10,13,9,3197
2014,10,13,10,4341
2014,10,13,11,5302
2014,10,13,12,5876
2014,10,13,13,5915
2014,10,13,14,5481
2014,10,13,15,4681
2014,10,13,16,3868
2014,10,13,17,3143
2014,10,13,18,2859
2014,10,13,19,2909
2014,10,13,20,3493
2014,10,13,21,4351
2014,10,13,22,5160
2014,10,13,23,5956
2014,10,14,0,6409
2014,10,14,1,6315
2014,10,14,2,5902
2014,10,14,3,5046
2014,10,14,4,4008
2014,10,14,5,3092
2014,10,14,6,2265
2014,10,14,7,1901
2014,10,14,8,2037
2014,10,14,9,2602
2014,10,14,10,3556
2014,10,14,11,4493
2014,10,14,12,5263
2014,10,14,13,5644
2014,10,14,14,5658
2014,10,14,15,5191
2014,10,14,16,4651
2014,10,14,17,3928
2014,10,14,18,3413
2014,10,14,19,3117
2014,10,14,20,3219
2014,10,14,21,3609
2014,10,14,22,4231
2014,10,14,23,4947
2014,10,15,0,5532
2014,10,15,1,5870
2014,10,15,2,5820
2014,10,15,3,5386
2014,10,15,4,4689
2014,10,15,5,3828
2014,10,15,6,3082
2014,10,15,7,2499
2014,10,15,8,2278
2014,10,15,9,2462
2014,10,15,10,2973
2014,10,15,11,3716
2014,10,15,12,4406
2014,10,15,13,5022
2014,10,15,14,5307
2014,10,15,15,5359
2014,10,15,16,5067
2014,10,15,17,4611
2014,10,15,18,4091
2014,10,15,19,3649
2014,10,15,20,3415
2014,10,15,21,3445
2014,10,15,22,3752
2014,10,15,23,4242
2014,10,16,0,4796
2014,10,16,1,5242
2014,10,16,2,5489
2014,10,16,3,5418
2014,10,16,4,5072
2014,10,16,5,4512
2014,10,16,6,3849
2014,10,16,7,3213
2014,10,16,8,2730
2014,10,16,9,2515
2014,10,16,10,2604
2014,10,16,11,2987
2014,10,16,12,3607
2014,10,16,13,4196
2014,10,16,14,4802
2014,10,16,15,5109
2014,10,16,16,5236
2014,10,16,17,5055
2014,10,16,18,4667
2014,10,16,19,4169
2014,10,16,20,3736
2014,10,16,21,3431
2014,10,16,22,3395
2014,10,16,23,3584
2014,10,17,0,3979
2014,10,17,1,4442
2014,10,17,2,4897
2014,10,17,3,5184
2014,10,17,4,5280
2014,10,17,5,5088
2014,10,17,6,4695
2014,10,17,7,4104
2014,10,17,8,3520
2014,10,17,9,3045
2014,10,17,10,2779
2014,10,17,11,2796
2014,10,17,12,3092
2014,10,17,13,3672
2014,10,17,14,4315
2014,10,17,15,4936
2014,10,17,16,5418
2014,10,17,17,5573
2014,10,17,18,5465
2014,10,17,19,5116
2014,10,17,20,4579
2014,10,17,21,4067
2014,10,17,22,3677
2014,10,17,23,3513
2014,10,18,0,3589
2014,10,18,1,3938
2014,10,18,2,4426
2014,10,18,3,4918
2014,10,18,4,5319
2014,10,18,5,5523
2014,10,18,6,5407
2014,10,18,7,5005
2014,10,18,8,4362
2014,10,18,9,3664
2014,10,18,10,3044
2014,10,18,11,2683
2014,10,18,12,2663
2014,10,18,13,2952
2014,10,18,14,3600
2014,10,18,15,4297
2014,10,18,16,5056
2014,10,18,17,5562
2014,10,18,18,5749
2014,10,18,19,5599
2014,10,18,20,5186
2014,10,18,21,4551
2014,10,18,22,3879
2014,10,18,23,3461
2014,10,19,0,3178
2014,10,19,1,3260
2014,10,19,2,3614
2014,10,19,3,4255
2014,10,19,4,4867
2014,10,19,5,5447
2014,10,19,6,5730
2014,10,19,7,5633
2014,10,19,8,5106
2014,10,19,9,4411
2014,10,19,10,3613
2014,10,19,11,2955
2014,10,19,12,2642
2014,10,19,13,2752
2014,10,19,14,3222
2014,10,19,15,4073
2014,10,19,16,4964
2014,10,19,17,5574
2014,10,19,18,6032
2014,10,19,19,6004
2014,10,19,20,5777
2014,10,19,21,5123
2014,10,19,22,4347
2014,10,19,23,3585
2014,10,20,0,3033
2014,10,20,1,2794
2014,10,20,2,2995
2014,10,20,3,3480
2014,10,20,4,4292
2014,10,20,5,5118
2014,10,20,6,5748
2014,10,20,7,6018
2014,10,20,8,5800
2014,10,20,9,5174
2014,10,20,10,4334
2014,10,20,11,3380
2014,10,20,12,2759
2014,10,20,13,2371
2014,10,20,14,2616
2014,10,20,15,3241
2014,10,20,16,4183
2014,10,20,17,5113
2014,10,20,18,5876
2014,10,20,19,6245
2014,10,20,20,6161
2014,10,20,21,5574
2014,10,20,22,4708
2014,10,20,23,3740
2014,10,21,0,2938
2014,10,21,1,2375
2014,10,21,2,2324
2014,10,21,3,2713
2014,10,21,4,3514
2014,10,21,5,4469
2014,10,21,6,5388
2014,10,21,7,5963
2014,10,21,8,6099
2014,10,21,9,5726
2014,10,21,10,4924
2014,10,21,11,3927
2014,10,21,12,3036
2014,10,21,13,2435
2014,10,21,14,2399
2014,10,21,15,2745
2014,10,21,16,3737
2014,10,21,17,4711
2014,10,21,18,5700
2014,10,21,19,6459
2014,10,21,20,6556
2014,10,21,21,6293
2014,10,21,22,5428
2014,10,21,23,4287
2014,10,22,0,3291
2014,10,22,1,2412
2014,10,22,2,2037
2014,10,22,3,2243
2014,10,22,4,2876
2014,10,22,5,3905
2014,10,22,6,5009
2014,10,22,7,5873
2014,10,22,8,6327
2014,10,22,9,6266
2014,10,22,10,5633
2014,10,22,11,4678
2014,10,22,12,3555
2014,10,22,13,2679
2014,10,22,14,2167
2014,10,22,15,2306
2014,10,22,16,2988
2014,10,22,17,4088
2014,10,22,18,5264
2014,10,22,19,6223
2014,10,22,20,6749
2014,10,22,21,6641
2014,10,22,22,5961
2014,10,22,23,4888
2014,10,23,0,3659
2014,10,23,1,2581
2014,10,23,2,1845
2014,10,23,3,1705
2014,10,23,4,2201
2014,10,23,5,3104
2014,10,23,6,4296
2014,10,23,7,5413
2014,10,23,8,6220
2014,10,23,9,6486
2014,10,23,10,6194
2014,10,23,11,5297
2014,10,23,12,4215
2014,10,23,13,3082
2014,10,23,14,2293
2014,10,23,15,2057
2014,10,23,16,2468
2014,10,23,17,3451
2014,10,23,18,4687
2014,10,23,19,5855
2014,10,23,20,6670
2014,10,23,21,6885
2014,10,23,22,6461
2014,10,23,23,5469
2014,10,24,0,4189
2014,10,24,1,2864
2014,10,24,2,1843
2014,10,24,3,1319
2014,10,24,4,1510
2014,10,24,5,2260
2014,10,24,6,3419
2014,10,24,7,4685
2014,10,24,8,5742
2014,10,24,9,6365
2014,10,24,10,6415
2014,10,24,11,5819
2014,10,24,12,4784
2014,10,24,13,3608
2014,10,24,14,2597
2014,10,24,15,2067
2014,10,24,16,2131
2014,10,24,17,2877
2014,10,24,18,4001
2014,10,24,19,5260
2014,10,24,20,6269
2014,10,24,21,6892
2014,10,24,22,6826
2014,10,24,23,6083
2014,10,25,0,4921
2014,10,25,1,3507
2014,10,25,2,2255
2014,10,25,3,1368
2014,10,25,4,1106
2014,10,25,5,1604
2014,10,25,6,2546
2014,10,25,7,3890
2014,10,25,8,5142
2014,10,25,9,6087
2014,10,25,10,6504
2014,10,25,11,6301
2014,10,25,12,5457
2014,10,25,13,4384
2014,10,25,14,3215
2014,10,25,15,2410
2014,10,25,16,2117
2014,10,25,17,2514
2014,10,25,18,3445
2014,10,25,19,4716
2014,10,25,20,5935
2014,10,25,21,6795
2014,10,25,22,7094
2014,10,25,23,6726
2014,10,26,0,5727
2014,10,26,1,4398
2014,10,26,2,3007
2014,10,26,3,1819
2014,10,26,4,1152
2014,10,26,5,1188
2014,10,26,6,1838
2014,10,26,7,2975
2014,10,26,8,4337
2014,10,26,9,5507
2014,10,26,10,6243
2014,10,26,11,6396
2014,10,26,12,5940
2014,10,26,13,4913
2014,10,26,14,3817
2014,10,26,15,2780
2014,10,26,16,2191
2014,10,26,17,2186
2014,10,26,18,2782
2014,10,26,19,3831
2014,10,26,20,5034
2014,10,26,21,6083
2014,10,26,22,6729
2014,10,26,23,6760
2014,10,27,0,6122
2014,10,27,1,5017
2014,10,27,2,3645
2014,10,27,3,2329
2014,10,27,4,1348
2014,10,27,5,944
2014,10,27,6,1234
2014,10,27,7,2059
2014,10,27,8,3321
2014,10,27,9,4577
2014,10,27,10,5585
2014,10,27,11,6104
2014,10,27,12,6063
2014,10,27,13,5451
2014,10,27,14,4496
2014,10,27,15,3491
2014,10,27,16,2693
2014,10,27,17,2338
2014,10,27,18,2563
2014,10,27,19,3315
2014,10,27,20,4356
2014,10,27,21,5484
2014,10,27,22,6327
2014,10,27,23,6762
2014,10,28,0,6596
2014,10,28,1,5864
2014,10,28,2,4747
2014,10,28,3,3476
2014,10,28,4,2345
2014,10,28,5,1573
2014,10,28,6,1437
2014,10,28,7,1831
2014,10,28,8,2724
2014,10,28,9,3918
2014,10,28,10,5023
2014,10,28,11,5834
2014,10,28,12,6239
2014,10,28,13,6082
2014,10,28,14,5399
2014,10,28,15,4568
2014,10,28,16,3659
2014,10,28,17,3033
2014,10,28,18,2818
2014,10,28,19,3071
2014,10,28,20,3801
2014,10,28,21,4769
2014,10,28,22,5755
2014,10,28,23,6455
2014,10,29,0,6695
2014,10,29,1,6378
2014,10,29,2,5573
2014,10,29,3,4457
2014,10,29,4,3273
2014,10,29,5,2277
2014,10,29,6,1699
2014,10,29,7,1653
2014,10,29,8,2111
2014,10,29,9,2963
2014,10,29,10,3989
2014,10,29,11,4909
2014,10,29,12,5580
2014,10,29,13,5819
2014,10,29,14,5619
2014,10,29,15,5020
2014,10,29,16,4261
2014,10,29,17,3507
2014,10,29,18,3020
2014,10,29,19,2856
2014,10,29,20,3136
2014,10,29,21,3803
2014,10,29,22,4626
2014,10,29,23,5467
2014,10,30,0,6056
2014,10,30,1,6221
2014,10,30,2,5898
2014,10,30,3,5165
2014,10,30,4,4175
2014,10,30,5,3176
2014,10,30,6,2364
2014,10,30,7,1870
2014,10,30,8,1918
2014,10,30,9,2366
2014,10,30,10,3205
2014,10,30,11,4066
2014,10,30,12,4918
2014,10,30,13,5560
2014,10,30,14,5727
2014,10,30,15,5664
2014,10,30,16,5186
2014,10,30,17,4500
2014,10,30,18,3862
2014,10,30,19,3423
2014,10,30,20,3181
2014,10,30,21,3389
2014,10,30,22,3891
2014,10,30,23,4604
2014,10,31,0,5372
2014,10,31,1,5830
2014,10,31,2,5979
2014,10,31,3,5723
2014,10,31,4,5117
2014,10,31,5,4276
2014,10,31,6,3379
2014,10,31,7,2589
2014,10,31,8,2124
2014,10,31,9,2083
2014,10,31,10,2432
2014,10,31,11,3106
2014,10,31,12,3965
2014,10,31,13,4724
2014,10,31,14,5357
2014,10,31,15,5632
2014,10,31,16,5582
2014,10,31,17,5143
2014,10,31,18,4549
2014,10,31,19,3866
2014,10,31,20,3293
2014,10,31,21,2996
2014,10,31,22,3046
2014,10,31,23,3428
2014,11,1,0,4135
2014,11,1,1,4827
2014,11,1,2,5410
2014,11,1,3,5680
2014,11,1,4,5572
2014,11,1,5,5079
2014,11,1,6,4373
2014,11,1,7,3520
2014,11,1,8,2761
2014,11,1,9,2234
2014,11,1,10,2123
2014,11,1,11,2361
2014,11,1,12,3027
2014,11,1,13,3822
2014,11,1,14,4677
2014,11,1,15,5402
2014,11,1,16,5828
2014,11,1,17,5895
2014,11,1,18,5518
2014,11,1,19,4854
2014,11,1,20,4028
2014,11,1,21,3271
2014,11,1,22,2776
2014,11,1,23,2672
2014,11,2,0,2994
2014,11,2,1,3676
2014,11,2,2,4459
2014,11,2,3,5211
2014,11,2,4,5632
2014,11,2,5,5742
2014,11,2,6,5368
2014,11,2,7,4672
2014,11,2,8,3801
2014,11,2,9,2973
2014,11,2,10,2348
2014,11,2,11,2092
2014,11,2,12,2267
2014,11,2,13,2852
2014,11,2,14,3737
2014,11,2,15,4723
2014,11,2,16,5555
2014,11,2,17,6108
2014,11,2,18,6159
2014,11,2,19,5718
2014,11,2,20,4881
2014,11,2,21,3840
2014,11,2,22,2906
2014,11,2,23,2248
2014,11,3,0,2117
2014,11,3,1,2394
2014,11,3,2,3180
2014,11,3,3,4129
2014,11,3,4,5015
2014,11,3,5,5633
2014,11,3,6,5838
2014,11,3,7,5560
2014,11,3,8,4830
2014,11,3,9,3900
2014,11,3,10,2909
2014,11,3,11,2172
2014,11,3,12,1864
2014,11,3,13,2052
2014,11,3,14,2767
2014,11,3,15,3849
2014,11,3,16,5008
2014,11,3,17,5941
2014,11,3,18,6586
2014,11,3,19,6605
2014,11,3,20,6009
2014,11,3,21,5080
2014,11,3,22,3879
2014,11,3,23,2786
2014,11,4,0,2026
2014,11,4,1,1881
2014,11,4,2,2251
2014,11,4,3,3162
2014,11,4,4,4383
2014,11,4,5,5332
2014,11,4,6,6136
2014,11,4,7,6327
2014,11,4,8,5954
2014,11,4,9,5093
2014,11,4,10,3967
2014,11,4,11,2832
2014,11,4,12,2036
2014,11,4,13,1748
2014,11,4,14,2055
2014,11,4,15,2922
2014,11,4,16,4159
2014,11,4,17,5389
2014,11,4,18,6388
2014,11,4,19,6865
2014,11,4,20,6676
2014,11,4,21,5829
2014,11,4,22,4598
2014,11,4,23,3220
2014,11,5,0,1993
2014,11,5,1,1217
2014,11,5,2,1072
2014,11,5,3,1632
2014,11,5,4,2688
2014,11,5,5,4073
2014,11,5,6,5291
2014,11,5,7,6111
2014,11,5,8,6348
2014,11,5,9,5947
2014,11,5,10,4940
2014,11,5,11,3742
2014,11,5,12,2550
2014,11,5,13,1817
2014,11,5,14,1626
2014,11,5,15,2155
2014,11,5,16,3222
2014,11,5,17,4583
2014,11,5,18,5889
2014,11,5,19,6851
2014,11,5,20,7253
2014,11,5,21,6972
2014,11,5,22,5995
2014,11,5,23,4635
2014,11,6,0,3128
2014,11,6,1,1936
2014,11,6,2,1423
2014,11,6,3,1113
2014,11,6,4,2247
2014,11,6,5,3095
2014,11,6,6,4638
2014,11,6,7,5682
2014,11,6,8,6500
2014,11,6,9,6514
2014,11,6,10,6056
2014,11,6,11,4978
2014,11,6,12,3724
2014,11,6,13,2517
2014,11,6,14,1827
2014,11,6,15,1771
2014,11,6,16,2510
2014,11,6,17,3673
2014,11,6,18,5140
2014,11,6,19,6367
2014,11,6,20,7123
2014,11,6,21,7267
2014,11,6,22,6570
2014,11,6,23,5341
2014,11,7,0,3778
2014,11,7,1,2267
2014,11,7,2,1027
2014,11,7,3,504
2014,11,7,4,799
2014,11,7,5,1752
2014,11,7,6,3243
2014,11,7,7,4702
2014,11,7,8,5882
2014,11,7,9,6516
2014,11,7,10,6455
2014,11,7,11,5692
2014,11,7,12,4521
2014,11,7,13,3256
2014,11,7,14,2273
2014,11,7,15,1829
2014,11,7,16,2064
2014,11,7,17,2927
2014,11,7,18,4195
2014,11,7,19,5541
2014,11,7,20,6651
2014,11,7,21,7179
2014,11,7,22,7090
2014,11,7,23,6243
2014,11,8,0,4951
2014,11,8,1,3377
2014,11,8,2,1919
2014,11,8,3,853
2014,11,8,4,562
2014,11,8,5,1027
2014,11,8,6,2165
2014,11,8,7,3637
2014,11,8,8,5034
2014,11,8,9,6123
2014,11,8,10,6507
2014,11,8,11,6286
2014,11,8,12,5354
2014,11,8,13,4218
2014,11,8,14,2986
2014,11,8,15,2190
2014,11,8,16,1867
2014,11,8,17,2302
2014,11,8,18,3222
2014,11,8,19,4568
2014,11,8,20,5758
2014,11,8,21,6699
2014,11,8,22,6992
2014,11,8,23,6675
2014,11,9,0,5673
2014,11,9,1,4291
2014,11,9,2,2796
2014,11,9,3,1481
2014,11,9,4,682
2014,11,9,5,661
2014,11,9,6,1363
2014,11,9,7,2582
2014,11,9,8,4053
2014,11,9,9,5341
2014,11,9,10,6126
2014,11,9,11,6326
2014,11,9,12,5921
2014,11,9,13,4894
2014,11,9,14,3796
2014,11,9,15,2741
2014,11,9,16,2167
2014,11,9,17,2050
2014,11,9,18,2647
2014,11,9,19,3609
2014,11,9,20,4799
2014,11,9,21,5846
2014,11,9,22,6492
2014,11,9,23,6586
2014,11,10,0,6017
2014,11,10,1,4981
2014,11,10,2,3615
2014,11,10,3,2313
2014,11,10,4,1189
2014,11,10,5,681
2014,11,10,6,868
2014,11,10,7,1639
2014,11,10,8,2881
2014,11,10,9,4211
2014,11,10,10,5319
2014,11,10,11,5908
2014,11,10,12,5960
2014,11,10,13,5431
2014,11,10,14,4440
2014,11,10,15,3454
2014,11,10,16,2587
2014,11,10,17,2235
2014,11,10,18,2355
2014,11,10,19,3030
2014,11,10,20,3962
2014,11,10,21,5013
2014,11,10,22,5863
2014,11,10,23,6270
2014,11,11,0,6182
2014,11,11,1,5487
2014,11,11,2,4410
2014,11,11,3,3166
2014,11,11,4,2017
2014,11,11,5,1186
2014,11,11,6,965
2014,11,11,7,1324
2014,11,11,8,2165
2014,11,11,9,3393
2014,11,11,10,4470
2014,11,11,11,5327
2014,11,11,12,5697
2014,11,11,13,5572
2014,11,11,14,4931
2014,11,11,15,4123
2014,11,11,16,3286
2014,11,11,17,2682
2014,11,11,18,2510
2014,11,11,19,2731
2014,11,11,20,3371
2014,11,11,21,4198
2014,11,11,22,5062
2014,11,11,23,5682
2014,11,12,0,5947
2014,11,12,1,5675
2014,11,12,2,4949
2014,11,12,3,3989
2014,11,12,4,2908
2014,11,12,5,2001
2014,11,12,6,1415
2014,11,12,7,1346
2014,11,12,8,1807
2014,11,12,9,2649
2014,11,12,10,3707
2014,11,12,11,4602
2014,11,12,12,5218
2014,11,12,13,5441
2014,11,12,14,5252
2014,11,12,15,4664
2014,11,12,16,3983
2014,11,12,17,3339
2014,11,12,18,2930
2014,11,12,19,2807
2014,11,12,20,3054
2014,11,12,21,3607
2014,11,12,22,4277
2014,11,12,23,4988
2014,11,13,0,5429
2014,11,13,1,5563
2014,11,13,2,5249
2014,11,13,3,4621
2014,11,13,4,3765
2014,11,13,5,2894
2014,11,13,6,2168
2014,11,13,7,1785
2014,11,13,8,1877
2014,11,13,9,2343
2014,11,13,10,3117
2014,11,13,11,3956
2014,11,13,12,4656
2014,11,13,13,5150
2014,11,13,14,5276
2014,11,13,15,5090
2014,11,13,16,4584
2014,11,13,17,4034
2014,11,13,18,3503
2014,11,13,19,3145
2014,11,13,20,3043
2014,11,13,21,3261
2014,11,13,22,3692
2014,11,13,23,4278
2014,11,14,0,4821
2014,11,14,1,5153
2014,11,14,2,5218
2014,11,14,3,4952
2014,11,14,4,4398
2014,11,14,5,3666
2014,11,14,6,2981
2014,11,14,7,2401
2014,11,14,8,2141
2014,11,14,9,2252
2014,11,14,10,2634
2014,11,14,11,3297
2014,11,14,12,3986
2014,11,14,13,4570
2014,11,14,14,4993
2014,11,14,15,5111
2014,11,14,16,4961
2014,11,14,17,4571
2014,11,14,18,4082
2014,11,14,19,3574
2014,11,14,20,3201
2014,11,14,21,3054
2014,11,14,22,3175
2014,11,14,23,3545
2014,11,15,0,4033
2014,11,15,1,4498
2014,11,15,2,4811
2014,11,15,3,4900
2014,11,15,4,4695
2014,11,15,5,4233
2014,11,15,6,3675
2014,11,15,7,3060
2014,11,15,8,2581
2014,11,15,9,2366
2014,11,15,10,2409
2014,11,15,11,2767
2014,11,15,12,3339
2014,11,15,13,3978
2014,11,15,14,4526
2014,11,15,15,4976
2014,11,15,16,5134
2014,11,15,17,5013
2014,11,15,18,4646
2014,11,15,19,4124
2014,11,15,20,3539
2014,11,15,21,3122
2014,11,15,22,2866
2014,11,15,23,2954
2014,11,16,0,3269
2014,11,16,1,3719
2014,11,16,2,4237
2014,11,16,3,4576
2014,11,16,4,4735
2014,11,16,5,4626
2014,11,16,6,4271
2014,11,16,7,3739
2014,11,16,8,3167
2014,11,16,9,2713
2014,11,16,10,2452
2014,11,16,11,2463
2014,11,16,12,2777
2014,11,16,13,3318
2014,11,16,14,3988
2014,11,16,15,4630
2014,11,16,16,5092
2014,11,16,17,5292
2014,11,16,18,5177
2014,11,16,19,4716
2014,11,16,20,4072
2014,11,16,21,3406
2014,11,16,22,2876
2014,11,16,23,2584
2014,11,17,0,2655
2014,11,17,1,2956
2014,11,17,2,3510
2014,11,17,3,4087
2014,11,17,4,4555
2014,11,17,5,4819
2014,11,17,6,4765
2014,11,17,7,4430
2014,11,17,8,3896
2014,11,17,9,3294
2014,11,17,10,2760
2014,11,17,11,2450
2014,11,17,12,2494
2014,11,17,13,2816
2014,11,17,14,3458
2014,11,17,15,4176
2014,11,17,16,4909
2014,11,17,17,5395
2014,11,17,18,5613
2014,11,17,19,5357
2014,11,17,20,4759
2014,11,17,21,3974
2014,11,17,22,3183
2014,11,17,23,2570
2014,11,18,0,2299
2014,11,18,1,2393
2014,11,18,2,2836
2014,11,18,3,3523
2014,11,18,4,4251
2014,11,18,5,4814
2014,11,18,6,5114
2014,11,18,7,5080
2014,11,18,8,4704
2014,11,18,9,4076
2014,11,18,10,3369
2014,11,18,11,2778
2014,11,18,12,2457
2014,11,18,13,2509
2014,11,18,14,3040
2014,11,18,15,3838
2014,11,18,16,4673
2014,11,18,17,5493
2014,11,18,18,5930
2014,11,18,19,5957
2014,11,18,20,5503
2014,11,18,21,4748
2014,11,18,22,3780
2014,11,18,23,2929
2014,11,19,0,2257
2014,11,19,1,2036
2014,11,19,2,2201
2014,11,19,3,2810
2014,11,19,4,3619
2014,11,19,5,4485
2014,11,19,6,5142
2014,11,19,7,5470
2014,11,19,8,5341
2014,11,19,9,4831
2014,11,19,10,4038
2014,11,19,11,3236
2014,11,19,12,2612
2014,11,19,13,2383
2014,11,19,14,2591
2014,11,19,15,3308
2014,11,19,16,4190
2014,11,19,17,5218
2014,11,19,18,5916
2014,11,19,19,6266
2014,11,19,20,6090
2014,11,19,21,5414
2014,11,19,22,4395
2014,11,19,23,3332
2014,11,20,0,2365
2014,11,20,1,1799
2014,11,20,2,1715
2014,11,20,3,2161
2014,11,20,4,2961
2014,11,20,5,4006
2014,11,20,6,4908
2014,11,20,7,5583
2014,11,20,8,5809
2014,11,20,9,5588
2014,11,20,10,4860
2014,11,20,11,3953
2014,11,20,12,3062
2014,11,20,13,2474
2014,11,20,14,2377
2014,11,20,15,2847
2014,11,20,16,3743
2014,11,20,17,4862
2014,11,20,18,5845
2014,11,20,19,6488
2014,11,20,20,6631
2014,11,20,21,6179
2014,11,20,22,5271
2014,11,20,23,4102
2014,11,21,0,2910
2014,11,21,1,1947
2014,11,21,2,1480
2014,11,21,3,1563
2014,11,21,4,2185
2014,11,21,5,3265
2014,11,21,6,4411
2014,11,21,7,5455
2014,11,21,8,5976
2014,11,21,9,6169
2014,11,21,10,5634
2014,11,21,11,4830
2014,11,21,12,3742
2014,11,21,13,2968
2014,11,21,14,2485
2014,11,21,15,2697
2014,11,21,16,3317
2014,11,21,17,4359
2014,11,21,18,5583
2014,11,21,19,6429
2014,11,21,20,6926
2014,11,21,21,6865
2014,11,21,22,6091
2014,11,21,23,4985
2014,11,22,0,3613
2014,11,22,1,2325
2014,11,22,2,1440
2014,11,22,3,1153
2014,11,22,4,1553
2014,11,22,5,2431
2014,11,22,6,3760
2014,11,22,7,4931
2014,11,22,8,5923
2014,11,22,9,6339
2014,11,22,10,6215
2014,11,22,11,5431
2014,11,22,12,4395
2014,11,22,13,3314
2014,11,22,14,2524
2014,11,22,15,2274
2014,11,22,16,2636
2014,11,22,17,3524
2014,11,22,18,4763
2014,11,22,19,5913
2014,11,22,20,6764
2014,11,22,21,7045
2014,11,22,22,6677
2014,11,22,23,5688
2014,11,23,0,4330
2014,11,23,1,2895
2014,11,23,2,1623
2014,11,23,3,916
2014,11,23,4,868
2014,11,23,5,1526
2014,11,23,6,2672
2014,11,23,7,4116
2014,11,23,8,5369
2014,11,23,9,6212
2014,11,23,10,6470
2014,11,23,11,6106
2014,11,23,12,5099
2014,11,23,13,3990
2014,11,23,14,2898
2014,11,23,15,2236
2014,11,23,16,2200
2014,11,23,17,2780
2014,11,23,18,3848
2014,11,23,19,5131
2014,11,23,20,6208
2014,11,23,21,6901
2014,11,23,22,6930
2014,11,23,23,6257
2014,11,24,0,5078
2014,11,24,1,3632
2014,11,24,2,2213
2014,11,24,3,1090
2014,11,24,4,599
2014,11,24,5,817
2014,11,24,6,1679
2014,11,24,7,2974
2014,11,24,8,4426
2014,11,24,9,5557
2014,11,24,10,6258
2014,11,24,11,6383
2014,11,24,12,5829
2014,11,24,13,4855
2014,11,24,14,3701
2014,11,24,15,2740
2014,11,24,16,2223
2014,11,24,17,2353
2014,11,24,18,3048
2014,11,24,19,4262
2014,11,24,20,5491
2014,11,24,21,6519
2014,11,24,22,6991
2014,11,24,23,6841
2014,11,25,0,5908
2014,11,25,1,4654
2014,11,25,2,3128
2014,11,25,3,1793
2014,11,25,4,857
2014,11,25,5,598
2014,11,25,6,1044
2014,11,25,7,2049
2014,11,25,8,3390
2014,11,25,9,4686
2014,11,25,10,5671
2014,11,25,11,6123
2014,11,25,12,6021
2014,11,25,13,5301
2014,11,25,14,4286
2014,11,25,15,3208
2014,11,25,16,2427
2014,11,25,17,2141
2014,11,25,18,2451
2014,11,25,19,3313
2014,11,25,20,4483
2014,11,25,21,5630
2014,11,25,22,6452
2014,11,25,23,6765
2014,11,26,0,6407
2014,11,26,1,5427
2014,11,26,2,4132
2014,11,26,3,2716
2014,11,26,4,1530
2014,11,26,5,788
2014,11,26,6,750
2014,11,26,7,1313
2014,11,26,8,2411
2014,11,26,9,3729
2014,11,26,10,4932
2014,11,26,11,5785
2014,11,26,12,6095
2014,11,26,13,5885
2014,11,26,14,5067
2014,11,26,15,4076
2014,11,26,16,3074
2014,11,26,17,2458
2014,11,26,18,2263
2014,11,26,19,2691
2014,11,26,20,3553
2014,11,26,21,4671
2014,11,26,22,5703
2014,11,26,23,6420
2014,11,27,0,6598
2014,11,27,1,6146
2014,11,27,2,5185
2014,11,27,3,3914
2014,11,27,4,2634
2014,11,27,5,1628
2014,11,27,6,1089
2014,11,27,7,1212
2014,11,27,8,1884
2014,11,27,9,2998
2014,11,27,10,4169
2014,11,27,11,5232
2014,11,27,12,5888
2014,11,27,13,6106
2014,11,27,14,5811
2014,11,27,15,5069
2014,11,27,16,4162
2014,11,27,17,3281
2014,11,27,18,2736
2014,11,27,19,2583
2014,11,27,20,2956
2014,11,27,21,3757
2014,11,27,22,4731
2014,11,27,23,5624
2014,11,28,0,6197
2014,11,28,1,6275
2014,11,28,2,5778
2014,11,28,3,4899
2014,11,28,4,3738
2014,11,28,5,2647
2014,11,28,6,1756
2014,11,28,7,1371
2014,11,28,8,1534
2014,11,28,9,2170
2014,11,28,10,3175
2014,11,28,11,4229
2014,11,28,12,5155
2014,11,28,13,5763
2014,11,28,14,5910
2014,11,28,15,5615
2014,11,28,16,4899
2014,11,28,17,4018
2014,11,28,18,3213
2014,11,28,19,2647
2014,11,28,20,2471
2014,11,28,21,2777
2014,11,28,22,3473
2014,11,28,23,4307
2014,11,29,0,5128
2014,11,29,1,5611
2014,11,29,2,5704
2014,11,29,3,5300
2014,11,29,4,4563
2014,11,29,5,3590
2014,11,29,6,2652
2014,11,29,7,1890
2014,11,29,8,1553
2014,11,29,9,1697
2014,11,29,10,2285
2014,11,29,11,3185
2014,11,29,12,4185
2014,11,29,13,5029
2014,11,29,14,5631
2014,11,29,15,5824
2014,11,29,16,5572
2014,11,29,17,4906
2014,11,29,18,4098
2014,11,29,19,3274
2014,11,29,20,2677
2014,11,29,21,2424
2014,11,29,22,2611
2014,11,29,23,3139
2014,11,30,0,3917
2014,11,30,1,4679
2014,11,30,2,5205
2014,11,30,3,5390
2014,11,30,4,5162
2014,11,30,5,4545
2014,11,30,6,3704
2014,11,30,7,2858
2014,11,30,8,2136
2014,11,30,9,1793
2014,11,30,10,1917
2014,11,30,11,2416
2014,11,30,12,3293
2014,11,30,13,4197
2014,11,30,14,5049
2014,11,30,15,5641
2014,11,30,16,5908
2014,11,30,17,5691
2014,11,30,18,5078
2014,11,30,19,4230
2014,11,30,20,3320
2014,11,30,21,2604
2014,11,30,22,2235
2014,11,30,23,2335
2014,12,1,0,2804
2014,12,1,1,3614
2014,12,1,2,4397
2014,12,1,3,5051
2014,12,1,4,5344
2014,12,1,5,5312
2014,12,1,6,4814
2014,12,1,7,4114
2014,12,1,8,3275
2014,12,1,9,2572
2014,12,1,10,2163
2014,12,1,11,2221
2014,12,1,12,2610
2014,12,1,13,3429
2014,12,1,14,4340
2014,12,1,15,5227
2014,12,1,16,5891
2014,12,1,17,6171
2014,12,1,18,5971
2014,12,1,19,5273
2014,12,1,20,4323
2014,12,1,21,3279
2014,12,1,22,2424
2014,12,1,23,1928
2014,12,2,0,1931
2014,12,2,1,2367
2014,12,2,2,3182
2014,12,2,3,4101
2014,12,2,4,4892
2014,12,2,5,5355
2014,12,2,6,5397
2014,12,2,7,4985
2014,12,2,8,4235
2014,12,2,9,3404
2014,12,2,10,2647
2014,12,2,11,2186
2014,12,2,12,2163
2014,12,2,13,2566
2014,12,2,14,3398
2014,12,2,15,4350
2014,12,2,16,5348
2014,12,2,17,6044
2014,12,2,18,6363
2014,12,2,19,6138
2014,12,2,20,5334
2014,12,2,21,4212
2014,12,2,22,3034
2014,12,2,23,2053
2014,12,3,0,1489
2014,12,3,1,1517
2014,12,3,2,2002
2014,12,3,3,2930
2014,12,3,4,3995
2014,12,3,5,4917
2014,12,3,6,5472
2014,12,3,7,5575
2014,12,3,8,5204
2014,12,3,9,4456
2014,12,3,10,3569
2014,12,3,11,2757
2014,12,3,12,2258
2014,12,3,13,2236
2014,12,3,14,2683
2014,12,3,15,3575
2014,12,3,16,4670
2014,12,3,17,5677
2014,12,3,18,6428
2014,12,3,19,6637
2014,12,3,20,6274
2014,12,3,21,5344
2014,12,3,22,4092
2014,12,3,23,2804
2014,12,4,0,1742
2014,12,4,1,1161
2014,12,4,2,1197
2014,12,4,3,1846
2014,12,4,4,2903
2014,12,4,5,4172
2014,12,4,6,5156
2014,12,4,7,5782
2014,12,4,8,5883
2014,12,4,9,5450
2014,12,4,10,4572
2014,12,4,11,3600
2014,12,4,12,2711
2014,12,4,13,2197
2014,12,4,14,2239
2014,12,4,15,2769
2014,12,4,16,3841
2014,12,4,17,5009
2014,12,4,18,6088
2014,12,4,19,6749
2014,12,4,20,6832
2014,12,4,21,6232
2014,12,4,22,5137
2014,12,4,23,3723
2014,12,5,0,2379
2014,12,5,1,1307
2014,12,5,2,846
2014,12,5,3,1049
2014,12,5,4,1853
2014,12,5,5,3106
2014,12,5,6,4375
2014,12,5,7,5461
2014,12,5,8,6006
2014,12,5,9,6064
2014,12,5,10,5506
2014,12,5,11,4550
2014,12,5,12,3492
2014,12,5,13,2609
2014,12,5,14,2173
2014,12,5,15,2349
2014,12,5,16,3050
2014,12,5,17,4210
2014,12,5,18,5417
2014,12,5,19,6417
2014,12,5,20,6921
2014,12,5,21,6853
2014,12,5,22,6027
2014,12,5,23,4838
2014,12,6,0,3370
2014,12,6,1,2018
2014,12,6,2,1047
2014,12,6,3,720
2014,12,6,4,1164
2014,12,6,5,2160
2014,12,6,6,3546
2014,12,6,7,4867
2014,12,6,8,5883
2014,12,6,9,6339
2014,12,6,10,6245
2014,12,6,11,5489
2014,12,6,12,4455
2014,12,6,13,3366
2014,12,6,14,2590
2014,12,6,15,2314
2014,12,6,16,2687
2014,12,6,17,3541
2014,12,6,18,4711
2014,12,6,19,5862
2014,12,6,20,6690
2014,12,6,21,7023
2014,12,6,22,6685
2014,12,6,23,5725
2014,12,7,0,4348
2014,12,7,1,2859
2014,12,7,2,1546
2014,12,7,3,747
2014,12,7,4,684
2014,12,7,5,1299
2014,12,7,6,2478
2014,12,7,7,3928
2014,12,7,8,5162
2014,12,7,9,6028
2014,12,7,10,6286
2014,12,7,11,6013
2014,12,7,12,5086
2014,12,7,13,4060
2014,12,7,14,3031
2014,12,7,15,2432
2014,12,7,16,2397
2014,12,7,17,2899
2014,12,7,18,3937
2014,12,7,19,5075
2014,12,7,20,6210
2014,12,7,21,6874
2014,12,7,22,7006
2014,12,7,23,6491
2014,12,8,0,5451
2014,12,8,1,4010
2014,12,8,2,2634
2014,12,8,3,1466
2014,12,8,4,965
2014,12,8,5,1201
2014,12,8,6,1967
2014,12,8,7,3239
2014,12,8,8,4599
2014,12,8,9,5722
2014,12,8,10,6371
2014,12,8,11,6504
2014,12,8,12,5999
2014,12,8,13,5062
2014,12,8,14,3994
2014,12,8,15,3123
2014,12,8,16,2686
2014,12,8,17,2895
2014,12,8,18,3541
2014,12,8,19,4626
2014,12,8,20,5799
2014,12,8,21,6620
2014,12,8,22,7261
2014,12,8,23,7165
2014,12,9,0,6307
2014,12,9,1,5190
2014,12,9,2,3804
2014,12,9,3,2455
2014,12,9,4,1626
2014,12,9,5,1258
2014,12,9,6,1748
2014,12,9,7,2633
2014,12,9,8,4034
2014,12,9,9,5137
2014,12,9,10,6155
2014,12,9,11,6585
2014,12,9,12,6550
2014,12,9,13,5828
2014,12,9,14,5068
2014,12,9,15,3949
2014,12,9,16,3229
2014,12,9,17,3027
2014,12,9,18,3283
2014,12,9,19,4085
2014,12,9,20,5164
2014,12,9,21,6150
2014,12,9,22,6944
2014,12,9,23,7168
2014,12,10,0,6886
2014,12,10,1,5862
2014,12,10,2,4648
2014,12,10,3,3340
2014,12,10,4,2188
2014,12,10,5,1648
2014,12,10,6,1562
2014,12,10,7,2159
2014,12,10,8,3198
2014,12,10,9,4379
2014,12,10,10,5422
2014,12,10,11,6155
2014,12,10,12,6415
2014,12,10,13,6113
2014,12,10,14,5409
2014,12,10,15,4492
2014,12,10,16,3660
2014,12,10,17,3240
2014,12,10,18,3233
2014,12,10,19,3668
2014,12,10,20,4457
2014,12,10,21,5323
2014,12,10,22,6201
2014,12,10,23,6734
2014,12,11,0,6957
2014,12,11,1,6350
2014,12,11,2,5455
2014,12,11,3,4334
2014,12,11,4,3021
2014,12,11,5,2393
2014,12,11,6,1856
2014,12,11,7,2174
2014,12,11,8,2869
2014,12,11,9,3987
2014,12,11,10,4952
2014,12,11,11,5836
2014,12,11,12,6227
2014,12,11,13,6266
2014,12,11,14,5803
2014,12,11,15,5160
2014,12,11,16,4357
2014,12,11,17,3701
2014,12,11,18,3369
2014,12,11,19,3393
2014,12,11,20,3782
2014,12,11,21,4490
2014,12,11,22,5265
2014,12,11,23,5947
2014,12,12,0,6307
2014,12,12,1,6203
2014,12,12,2,5591
2014,12,12,3,4711
2014,12,12,4,3701
2014,12,12,5,2818
2014,12,12,6,2201
2014,12,12,7,2108
2014,12,12,8,2491
2014,12,12,9,3238
2014,12,12,10,4222
2014,12,12,11,5108
2014,12,12,12,5706
2014,12,12,13,5989
2014,12,12,14,5867
2014,12,12,15,5334
2014,12,12,16,4667
2014,12,12,17,4001
2014,12,12,18,3445
2014,12,12,19,3251
2014,12,12,20,3338
2014,12,12,21,3741
2014,12,12,22,4394
2014,12,12,23,5029
2014,12,13,0,5540
2014,12,13,1,5711
2014,12,13,2,5464
2014,12,13,3,4886
2014,12,13,4,4104
2014,12,13,5,3263
2014,12,13,6,2596
2014,12,13,7,2210
2014,12,13,8,2259
2014,12,13,9,2642
2014,12,13,10,3423
2014,12,13,11,4239
2014,12,13,12,4985
2014,12,13,13,5488
2014,12,13,14,5660
2014,12,13,15,5474
2014,12,13,16,5005
2014,12,13,17,4402
2014,12,13,18,3788
2014,12,13,19,3370
2014,12,13,20,3169
2014,12,13,21,3281
2014,12,13,22,3671
2014,12,13,23,4193
2014,12,14,0,4767
2014,12,14,1,5150
2014,12,14,2,5274
2014,12,14,3,5065
2014,12,14,4,4586
2014,12,14,5,3936
2014,12,14,6,3293
2014,12,14,7,2757
2014,12,14,8,2531
2014,12,14,9,2582
2014,12,14,10,3028
2014,12,14,11,3694
2014,12,14,12,4417
2014,12,14,13,5079
2014,12,14,14,5536
2014,12,14,15,5660
2014,12,14,16,5475
2014,12,14,17,5038
2014,12,14,18,4457
2014,12,14,19,3856
2014,12,14,20,3416
2014,12,14,21,3199
2014,12,14,22,3281
2014,12,14,23,3621
2014,12,15,0,4099
2014,12,15,1,4599
2014,12,15,2,4992
2014,12,15,3,5125
2014,12,15,4,5000
2014,12,15,5,4603
2014,12,15,6,4079
2014,12,15,7,3471
2014,12,15,8,3050
2014,12,15,9,2825
2014,12,15,10,2957
2014,12,15,11,3367
2014,12,15,12,3968
2014,12,15,13,4672
2014,12,15,14,5235
2014,12,15,15,5659
2014,12,15,16,5793
2014,12,15,17,5589
2014,12,15,18,5178
2014,12,15,19,4566
2014,12,15,20,4009
2014,12,15,21,3528
2014,12,15,22,3254
2014,12,15,23,3204
2014,12,16,0,3538
2014,12,16,1,3956
2014,12,16,2,4470
2014,12,16,3,4897
2014,12,16,4,5110
2014,12,16,5,5092
2014,12,16,6,4803
2014,12,16,7,4316
2014,12,16,8,3770
2014,12,16,9,3325
2014,12,16,10,3076
2014,12,16,11,3171
2014,12,16,12,3561
2014,12,16,13,4140
2014,12,16,14,4818
2014,12,16,15,5421
2014,12,16,16,5869
2014,12,16,17,5949
2014,12,16,18,5733
2014,12,16,19,5222
2014,12,16,20,4497
2014,12,16,21,3767
2014,12,16,22,3176
2014,12,16,23,2850
2014,12,17,0,2836
2014,12,17,1,3173
2014,12,17,2,3664
2014,12,17,3,4286
2014,12,17,4,4785
2014,12,17,5,5137
2014,12,17,6,5155
2014,12,17,7,4869
2014,12,17,8,4362
2014,12,17,9,3758
2014,12,17,10,3266
2014,12,17,11,2990
2014,12,17,12,3104
2014,12,17,13,3448
2014,12,17,14,4139
2014,12,17,15,4915
2014,12,17,16,5562
2014,12,17,17,5998
2014,12,17,18,6091
2014,12,17,19,5716
2014,12,17,20,5078
2014,12,17,21,4216
2014,12,17,22,3377
2014,12,17,23,2695
2014,12,18,0,2376
2014,12,18,1,2421
2014,12,18,2,2839
2014,12,18,3,3556
2014,12,18,4,4291
2014,12,18,5,4971
2014,12,18,6,5326
2014,12,18,7,5361
2014,12,18,8,5047
2014,12,18,9,4494
2014,12,18,10,3812
2014,12,18,11,3310
2014,12,18,12,3012
2014,12,18,13,3177
2014,12,18,14,3674
2014,12,18,15,4493
2014,12,18,16,5287
2014,12,18,17,6073
2014,12,18,18,6433
2014,12,18,19,6492
2014,12,18,20,5984
2014,12,18,21,5223
2014,12,18,22,4183
2014,12,18,23,3231
2014,12,19,0,2518
2014,12,19,1,2179
2014,12,19,2,2333
2014,12,19,3,2854
2014,12,19,4,3749
2014,12,19,5,4606
2014,12,19,6,5334
2014,12,19,7,5750
2014,12,19,8,5707
2014,12,19,9,5296
2014,12,19,10,4600
2014,12,19,11,3793
2014,12,19,12,3164
2014,12,19,13,2900
2014,12,19,14,3124
2014,12,19,15,3810
2014,12,19,16,4757
2014,12,19,17,5739
2014,12,19,18,6493
2014,12,19,19,6827
2014,12,19,20,6677
2014,12,19,21,5916
2014,12,19,22,4904
2014,12,19,23,3717
2014,12,20,0,2657
2014,12,20,1,1911
2014,12,20,2,1672
2014,12,20,3,1999
2014,12,20,4,2765
2014,12,20,5,3880
2014,12,20,6,4922
2014,12,20,7,5801
2014,12,20,8,6210
2014,12,20,9,6145
2014,12,20,10,5510
2014,12,20,11,4649
2014,12,20,12,3746
2014,12,20,13,3118
2014,12,20,14,3015
2014,12,20,15,3362
2014,12,20,16,4236
2014,12,20,17,5276
2014,12,20,18,6276
2014,12,20,19,7006
2014,12,20,20,7277
2014,12,20,21,6853
2014,12,20,22,5938
2014,12,20,23,4650
2014,12,21,0,3288
2014,12,21,1,2128
2014,12,21,2,1426
2014,12,21,3,1369
2014,12,21,4,1975
2014,12,21,5,3012
2014,12,21,6,4295
2014,12,21,7,5390
2014,12,21,8,6155
2014,12,21,9,6413
2014,12,21,10,6074
2014,12,21,11,5232
2014,12,21,12,4212
2014,12,21,13,3223
2014,12,21,14,2688
2014,12,21,15,2622
2014,12,21,16,3208
2014,12,21,17,4228
2014,12,21,18,5430
2014,12,21,19,6511
2014,12,21,20,7165
2014,12,21,21,7229
2014,12,21,22,6559
2014,12,21,23,5445
2014,12,22,0,3941
2014,12,22,1,2521
2014,12,22,2,1323
2014,12,22,3,788
2014,12,22,4,927
2014,12,22,5,1773
2014,12,22,6,3013
2014,12,22,7,4406
2014,12,22,8,5553
2014,12,22,9,6232
2014,12,22,10,6325
2014,12,22,11,5782
2014,12,22,12,4743
2014,12,22,13,3605
2014,12,22,14,2622
2014,12,22,15,2130
2014,12,22,16,2276
2014,12,22,17,3034
2014,12,22,18,4274
2014,12,22,19,5508
2014,12,22,20,6562
2014,12,22,21,7086
2014,12,22,22,6957
2014,12,22,23,6062
2014,12,23,0,4765
2014,12,23,1,3214
2014,12,23,2,1806
2014,12,23,3,757
2014,12,23,4,457
2014,12,23,5,901
2014,12,23,6,1964
2014,12,23,7,3432
2014,12,23,8,4795
2014,12,23,9,6005
2014,12,23,10,6556
2014,12,23,11,6600
2014,12,23,12,5924
2014,12,23,13,4846
2014,12,23,14,3720
2014,12,23,15,2800
2014,12,23,16,2465
2014,12,23,17,2767
2014,12,23,18,3661
2014,12,23,19,4851
2014,12,23,20,6182
2014,12,23,21,7103
2014,12,23,22,7562
2014,12,23,23,7214
2014,12,24,0,6240
2014,12,24,1,4804
2014,12,24,2,3227
2014,12,24,3,1810
2014,12,24,4,880
2014,12,24,5,771
2014,12,24,6,1389
2014,12,24,7,2594
2014,12,24,8,4077
2014,12,24,9,5407
2014,12,24,10,6365
2014,12,24,11,6773
2014,12,24,12,6465
2014,12,24,13,5502
2014,12,24,14,4353
2014,12,24,15,3108
2014,12,24,16,2323
2014,12,24,17,2060
2014,12,24,18,2537
2014,12,24,19,3487
2014,12,24,20,4816
2014,12,24,21,5999
2014,12,24,22,6827
2014,12,24,23,7059
2014,12,25,0,6559
2014,12,25,1,5433
2014,12,25,2,3950
2014,12,25,3,2408
2014,12,25,4,1133
2014,12,25,5,467
2014,12,25,6,551
2014,12,25,7,1391
2014,12,25,8,2677
2014,12,25,9,4223
2014,12,25,10,5460
2014,12,25,11,6304
2014,12,25,12,6475
2014,12,25,13,6051
2014,12,25,14,5032
2014,12,25,15,3871
2014,12,25,16,2775
2014,12,25,17,2103
2014,12,25,18,1999
2014,12,25,19,2541
2014,12,25,20,3532
2014,12,25,21,4789
2014,12,25,22,5897
2014,12,25,23,6577
2014,12,26,0,6692
2014,12,26,1,6062
2014,12,26,2,4951
2014,12,26,3,3511
2014,12,26,4,2180
2014,12,26,5,1063
2014,12,26,6,677
2014,12,26,7,913
2014,12,26,8,1831
2014,12,26,9,3096
2014,12,26,10,4492
2014,12,26,11,5591
2014,12,26,12,6231
2014,12,26,13,6305
2014,12,26,14,5776
2014,12,26,15,4782
2014,12,26,16,3658
2014,12,26,17,2679
2014,12,26,18,2100
2014,12,26,19,2066
2014,12,26,20,2588
2014,12,26,21,3571
2014,12,26,22,4717
2014,12,26,23,5682
2014,12,27,0,6271
2014,12,27,1,6316
2014,12,27,2,5693
2014,12,27,3,4648
2014,12,27,4,3364
2014,12,27,5,2220
2014,12,27,6,1360
2014,12,27,7,1160
2014,12,27,8,1549
2014,12,27,9,2417
2014,12,27,10,3732
2014,12,27,11,4891
2014,12,27,12,5857
2014,12,27,13,6341
2014,12,27,14,6314
2014,12,27,15,5647
2014,12,27,16,4728
2014,12,27,17,3636
2014,12,27,18,2721
2014,12,27,19,2171
2014,12,27,20,2106
2014,12,27,21,2568
2014,12,27,22,3430
2014,12,27,23,4405
2014,12,28,0,5267
2014,12,28,1,5744
2014,12,28,2,5707
2014,12,28,3,5134
2014,12,28,4,4230
2014,12,28,5,3152
2014,12,28,6,2212
2014,12,28,7,1554
2014,12,28,8,1392
2014,12,28,9,1751
2014,12,28,10,2580
2014,12,28,11,3717
2014,12,28,12,4744
2014,12,28,13,5591
2014,12,28,14,5961
2014,12,28,15,5931
2014,12,28,16,5341
2014,12,28,17,4471
2014,12,28,18,3488
2014,12,28,19,2648
2014,12,28,20,2077
2014,12,28,21,1988
2014,12,28,22,2332
2014,12,28,23,3067
2014,12,29,0,3935
2014,12,29,1,4692
2014,12,29,2,5128
2014,12,29,3,5174
2014,12,29,4,4748
2014,12,29,5,4025
2014,12,29,6,3132
2014,12,29,7,2340
2014,12,29,8,1796
2014,12,29,9,1686
2014,12,29,10,2018
2014,12,29,11,2756
2014,12,29,12,3696
2014,12,29,13,4629
2014,12,29,14,5360
2014,12,29,15,5756
2014,12,29,16,5737
2014,12,29,17,5233
2014,12,29,18,4461
2014,12,29,19,3522
2014,12,29,20,2653
2014,12,29,21,2033
2014,12,29,22,1834
2014,12,29,23,2135
2014,12,30,0,2710
2014,12,30,1,3552
2014,12,30,2,4232
2014,12,30,3,4761
2014,12,30,4,4894
2014,12,30,5,4699
2014,12,30,6,4142
2014,12,30,7,3428
2014,12,30,8,2708
2014,12,30,9,2186
2014,12,30,10,2053
2014,12,30,11,2315
2014,12,30,12,2937
2014,12,30,13,3777
2014,12,30,14,4653
2014,12,30,15,5336
2014,12,30,16,5746
2014,12,30,17,5765
2014,12,30,18,5300
2014,12,30,19,4507
2014,12,30,20,3550
2014,12,30,21,2609
2014,12,30,22,1929
2014,12,30,23,1614
2014,12,31,0,1810
2014,12,31,1,2333
2014,12,31,2,3166
2014,12,31,3,3933
2014,12,31,4,4537
2014,12,31,5,4819
2014,12,31,6,4769
2014,12,31,7,4311
2014,12,31,8,3683
2014,12,31,9,2981
2014,12,31,10,2479
2014,12,31,11,2289
2014,12,31,12,2444
2014,12,31,13,2993
2014,12,31,14,3750
2014,12,31,15,4661
2014,12,31,16,5400
2014,12,31,17,5893
2014,12,31,18,5954
2014,12,31,19,5513
2014,12,31,20,4684
2014,12,31,21,3615
2014,12,31,22,2593
2014,12,31,23,1796
2015,1,1,0,1414
2015,1,1,1,1571
2015,1,1,2,2132
2015,1,1,3,3066
2015,1,1,4,3902
2015,1,1,5,4665
2015,1,1,6,5040
2015,1,1,7,5037
2015,1,1,8,4702
2015,1,1,9,4038
2015,1,1,10,3346
2015,1,1,11,2758
2015,1,1,12,2508
2015,1,1,13,2623
2015,1,1,14,3148
2015,1,1,15,3982
2015,1,1,16,4909
2015,1,1,17,5724
2015,1,1,18,6197
2015,1,1,19,6307
2015,1,1,20,5741
2015,1,1,21,4847
2015,1,1,22,3731
2015,1,1,23,2658
2015,1,2,0,1822
2015,1,2,1,1419
2015,1,2,2,1612
2015,1,2,3,2272
2015,1,2,4,3288
2015,1,2,5,4177
2015,1,2,6,5042
2015,1,2,7,5501
2015,1,2,8,5506
2015,1,2,9,5067
2015,1,2,10,4349
2015,1,2,11,3516
2015,1,2,12,2889
2015,1,2,13,2613
2015,1,2,14,2699
2015,1,2,15,3329
2015,1,2,16,4241
2015,1,2,17,5242
2015,1,2,18,6072
2015,1,2,19,6528
2015,1,2,20,6410
2015,1,2,21,5734
2015,1,2,22,4670
2015,1,2,23,3385
2015,1,3,0,2194
2015,1,3,1,1329
2015,1,3,2,1023
2015,1,3,3,1288
2015,1,3,4,2113
2015,1,3,5,3200
2015,1,3,6,4315
2015,1,3,7,5189
2015,1,3,8,5613
2015,1,3,9,5563
2015,1,3,10,5023
2015,1,3,11,4186
2015,1,3,12,3273
2015,1,3,13,2588
2015,1,3,14,2340
2015,1,3,15,2593
2015,1,3,16,3339
2015,1,3,17,4343
2015,1,3,18,5392
2015,1,3,19,6137
2015,1,3,20,6478
2015,1,3,21,6253
2015,1,3,22,5427
2015,1,3,23,4267
2015,1,4,0,2933
2015,1,4,1,1772
2015,1,4,2,948
2015,1,4,3,835
2015,1,4,4,1232
2015,1,4,5,2246
2015,1,4,6,3497
2015,1,4,7,4660
2015,1,4,8,5516
2015,1,4,9,5849
2015,1,4,10,5677
2015,1,4,11,4902
2015,1,4,12,3994
2015,1,4,13,3068
2015,1,4,14,2470
2015,1,4,15,2377
2015,1,4,16,2812
2015,1,4,17,3731
2015,1,4,18,4836
2015,1,4,19,5877
2015,1,4,20,6627
2015,1,4,21,6847
2015,1,4,22,6418
2015,1,4,23,5363
2015,1,5,0,4065
2015,1,5,1,2629
2015,1,5,2,1480
2015,1,5,3,849
2015,1,5,4,903
2015,1,5,5,1601
2015,1,5,6,2810
2015,1,5,7,4129
2015,1,5,8,5249
2015,1,5,9,5896
2015,1,5,10,6064
2015,1,5,11,5640
2015,1,5,12,4708
2015,1,5,13,3690
2015,1,5,14,2791
2015,1,5,15,2317
2015,1,5,16,2396
2015,1,5,17,3000
2015,1,5,18,4036
2015,1,5,19,5149
2015,1,5,20,6092
2015,1,5,21,6646
2015,1,5,22,6608
2015,1,5,23,5918
2015,1,6,0,4835
2015,1,6,1,3408
2015,1,6,2,2165
2015,1,6,3,1181
2015,1,6,4,855
2015,1,6,5,1230
2015,1,6,6,2175
2015,1,6,7,3408
2015,1,6,8,4737
2015,1,6,9,5626
2015,1,6,10,6159
2015,1,6,11,6045
2015,1,6,12,5370
2015,1,6,13,4363
2015,1,6,14,3317
2015,1,6,15,2511
2015,1,6,16,2209
2015,1,6,17,2526
2015,1,6,18,3279
2015,1,6,19,4413
2015,1,6,20,5473
2015,1,6,21,6302
2015,1,6,22,6576
2015,1,6,23,6306
2015,1,7,0,5426
2015,1,7,1,4207
2015,1,7,2,2841
2015,1,7,3,1705
2015,1,7,4,959
2015,1,7,5,961
2015,1,7,6,1605
2015,1,7,7,2643
2015,1,7,8,4021
2015,1,7,9,5171
2015,1,7,10,5980
2015,1,7,11,6202
2015,1,7,12,5860
2015,1,7,13,4933
2015,1,7,14,3902
2015,1,7,15,2933
2015,1,7,16,2327
2015,1,7,17,2310
2015,1,7,18,2800
2015,1,7,19,3757
2015,1,7,20,4797
2015,1,7,21,5760
2015,1,7,22,6303
2015,1,7,23,6375
2015,1,8,0,5783
2015,1,8,1,4802
2015,1,8,2,3485
2015,1,8,3,2252
2015,1,8,4,1313
2015,1,8,5,931
2015,1,8,6,1236
2015,1,8,7,2034
2015,1,8,8,3276
2015,1,8,9,4507
2015,1,8,10,5520
2015,1,8,11,6000
2015,1,8,12,5988
2015,1,8,13,5312
2015,1,8,14,4377
2015,1,8,15,3367
2015,1,8,16,2561
2015,1,8,17,2290
2015,1,8,18,2426
2015,1,8,19,3096
2015,1,8,20,4043
2015,1,8,21,5064
2015,1,8,22,5823
2015,1,8,23,6183
2015,1,9,0,6025
2015,1,9,1,5283
2015,1,9,2,4202
2015,1,9,3,2988
2015,1,9,4,1951
2015,1,9,5,1260
2015,1,9,6,1242
2015,1,9,7,1733
2015,1,9,8,2745
2015,1,9,9,3954
2015,1,9,10,5053
2015,1,9,11,5776
2015,1,9,12,6027
2015,1,9,13,5762
2015,1,9,14,5000
2015,1,9,15,4054
2015,1,9,16,3228
2015,1,9,17,2585
2015,1,9,18,2485
2015,1,9,19,2793
2015,1,9,20,3536
2015,1,9,21,4442
2015,1,9,22,5310
2015,1,9,23,5844
2015,1,10,0,6023
2015,1,10,1,5598
2015,1,10,2,4775
2015,1,10,3,3706
2015,1,10,4,2684
2015,1,10,5,1843
2015,1,10,6,1553
2015,1,10,7,1733
2015,1,10,8,2436
2015,1,10,9,3462
2015,1,10,10,4526
2015,1,10,11,5359
2015,1,10,12,5815
2015,1,10,13,5836
2015,1,10,14,5326
2015,1,10,15,4575
2015,1,10,16,3713
2015,1,10,17,3016
2015,1,10,18,2618
2015,1,10,19,2626
2015,1,10,20,3002
2015,1,10,21,3706
2015,1,10,22,4525
2015,1,10,23,5227
2015,1,11,0,5638
2015,1,11,1,5576
2015,1,11,2,5043
2015,1,11,3,4251
2015,1,11,4,3296
2015,1,11,5,2481
2015,1,11,6,1925
2015,1,11,7,1864
2015,1,11,8,2207
2015,1,11,9,3003
2015,1,11,10,3959
2015,1,11,11,4846
2015,1,11,12,5494
2015,1,11,13,5742
2015,1,11,14,5579
2015,1,11,15,4999
2015,1,11,16,4239
2015,1,11,17,3504
2015,1,11,18,2936
2015,1,11,19,2673
2015,1,11,20,2778
2015,1,11,21,3167
2015,1,11,22,3824
2015,1,11,23,4489
2015,1,12,0,5050
2015,1,12,1,5262
2015,1,12,2,5121
2015,1,12,3,4595
2015,1,12,4,3905
2015,1,12,5,3103
2015,1,12,6,2524
2015,1,12,7,2156
2015,1,12,8,2271
2015,1,12,9,2679
2015,1,12,10,3465
2015,1,12,11,4285
2015,1,12,12,5015
2015,1,12,13,5516
2015,1,12,14,5634
2015,1,12,15,5344
2015,1,12,16,4848
2015,1,12,17,4128
2015,1,12,18,3476
2015,1,12,19,2976
2015,1,12,20,2702
2015,1,12,21,2806
2015,1,12,22,3197
2015,1,12,23,3800
2015,1,13,0,4408
2015,1,13,1,4862
2015,1,13,2,4984
2015,1,13,3,4842
2015,1,13,4,4406
2015,1,13,5,3773
2015,1,13,6,3180
2015,1,13,7,2664
2015,1,13,8,2509
2015,1,13,9,2698
2015,1,13,10,3195
2015,1,13,11,3885
2015,1,13,12,4618
2015,1,13,13,5194
2015,1,13,14,5520
2015,1,13,15,5556
2015,1,13,16,5280
2015,1,13,17,4759
2015,1,13,18,4074
2015,1,13,19,3459
2015,1,13,20,2948
2015,1,13,21,2687
2015,1,13,22,2753
2015,1,13,23,3110
2015,1,14,0,3648
2015,1,14,1,4190
2015,1,14,2,4547
2015,1,14,3,4727
2015,1,14,4,4578
2015,1,14,5,4265
2015,1,14,6,3809
2015,1,14,7,3308
2015,1,14,8,2933
2015,1,14,9,2810
2015,1,14,10,2936
2015,1,14,11,3406
2015,1,14,12,3947
2015,1,14,13,4628
2015,1,14,14,5153
2015,1,14,15,5557
2015,1,14,16,5582
2015,1,14,17,5354
2015,1,14,18,4813
2015,1,14,19,4166
2015,1,14,20,3535
2015,1,14,21,2982
2015,1,14,22,2691
2015,1,14,23,2685
2015,1,15,0,2970
2015,1,15,1,3492
2015,1,15,2,4086
2015,1,15,3,4487
2015,1,15,4,4789
2015,1,15,5,4823
2015,1,15,6,4625
2015,1,15,7,4195
2015,1,15,8,3770
2015,1,15,9,3367
2015,1,15,10,3198
2015,1,15,11,3326
2015,1,15,12,3764
2015,1,15,13,4281
2015,1,15,14,4929
2015,1,15,15,5525
2015,1,15,16,5887
2015,1,15,17,6038
2015,1,15,18,5796
2015,1,15,19,5318
2015,1,15,20,4608
2015,1,15,21,3880
2015,1,15,22,3074
2015,1,15,23,2651
2015,1,16,0,2483
2015,1,16,1,2727
2015,1,16,2,3287
2015,1,16,3,3947
2015,1,16,4,4537
2015,1,16,5,4979
2015,1,16,6,5100
2015,1,16,7,4869
2015,1,16,8,4397
2015,1,16,9,3837
2015,1,16,10,3388
2015,1,16,11,3110
2015,1,16,12,3164
2015,1,16,13,3494
2015,1,16,14,4131
2015,1,16,15,4846
2015,1,16,16,5515
2015,1,16,17,5962
2015,1,16,18,6070
2015,1,16,19,5754
2015,1,16,20,5115
2015,1,16,21,4175
2015,1,16,22,3262
2015,1,16,23,2471
2015,1,17,0,2031
2015,1,17,1,2020
2015,1,17,2,2420
2015,1,17,3,3097
2015,1,17,4,3921
2015,1,17,5,4719
2015,1,17,6,5234
2015,1,17,7,5443
2015,1,17,8,5289
2015,1,17,9,4758
2015,1,17,10,4106
2015,1,17,11,3620
2015,1,17,12,3137
2015,1,17,13,3209
2015,1,17,14,3576
2015,1,17,15,4291
2015,1,17,16,5121
2015,1,17,17,5961
2015,1,17,18,6486
2015,1,17,19,6543
2015,1,17,20,6101
2015,1,17,21,5265
2015,1,17,22,4114
2015,1,17,23,3009
2015,1,18,0,2090
2015,1,18,1,1608
2015,1,18,2,1652
2015,1,18,3,2222
2015,1,18,4,3137
2015,1,18,5,4166
2015,1,18,6,5081
2015,1,18,7,5643
2015,1,18,8,5834
2015,1,18,9,5541
2015,1,18,10,4866
2015,1,18,11,3980
2015,1,18,12,3263
2015,1,18,13,2854
2015,1,18,14,2888
2015,1,18,15,3457
2015,1,18,16,4400
2015,1,18,17,5448
2015,1,18,18,6388
2015,1,18,19,6900
2015,1,18,20,6869
2015,1,18,21,6190
2015,1,18,22,5135
2015,1,18,23,3783
2015,1,19,0,2555
2015,1,19,1,1543
2015,1,19,2,1088
2015,1,19,3,1248
2015,1,19,4,1992
2015,1,19,5,3143
2015,1,19,6,4376
2015,1,19,7,5399
2015,1,19,8,5984
2015,1,19,9,6045
2015,1,19,10,5504
2015,1,19,11,4585
2015,1,19,12,3525
2015,1,19,13,2663
2015,1,19,14,2253
2015,1,19,15,2428
2015,1,19,16,3155
2015,1,19,17,4335
2015,1,19,18,5521
2015,1,19,19,6469
2015,1,19,20,6944
2015,1,19,21,6772
2015,1,19,22,5906
2015,1,19,23,4639
2015,1,20,0,3133
2015,1,20,1,1762
2015,1,20,2,744
2015,1,20,3,450
2015,1,20,4,869
2015,1,20,5,1885
2015,1,20,6,3306
2015,1,20,7,4654
2015,1,20,8,5770
2015,1,20,9,6267
2015,1,20,10,6201
2015,1,20,11,5449
2015,1,20,12,4337
2015,1,20,13,3182
2015,1,20,14,2311
2015,1,20,15,1987
2015,1,20,16,2319
2015,1,20,17,3264
2015,1,20,18,4597
2015,1,20,19,5935
2015,1,20,20,6938
2015,1,20,21,7342
2015,1,20,22,7023
2015,1,20,23,6002
2015,1,21,0,4545
2015,1,21,1,2957
2015,1,21,2,1524
2015,1,21,3,642
2015,1,21,4,516
2015,1,21,5,1250
2015,1,21,6,2471
2015,1,21,7,4008
2015,1,21,8,5472
2015,1,21,9,6442
2015,1,21,10,6842
2015,1,21,11,6585
2015,1,21,12,5547
2015,1,21,13,4305
2015,1,21,14,3033
2015,1,21,15,2164
2015,1,21,16,1923
2015,1,21,17,2511
2015,1,21,18,3554
2015,1,21,19,5058
2015,1,21,20,6410
2015,1,21,21,7351
2015,1,21,22,7654
2015,1,21,23,7150
2015,1,22,0,5983
2015,1,22,1,4370
2015,1,22,2,2680
2015,1,22,3,1238
2015,1,22,4,422
2015,1,22,5,564
2015,1,22,6,1405
2015,1,22,7,2849
2015,1,22,8,4488
2015,1,22,9,5878
2015,1,22,10,6774
2015,1,22,11,6921
2015,1,22,12,6369
2015,1,22,13,5134
2015,1,22,14,3779
2015,1,22,15,2473
2015,1,22,16,1743
2015,1,22,17,1679
2015,1,22,18,2392
2015,1,22,19,3566
2015,1,22,20,5117
2015,1,22,21,6393
2015,1,22,22,7206
2015,1,22,23,7400
2015,1,23,0,6693
2015,1,23,1,5485
2015,1,23,2,3886
2015,1,23,3,2319
2015,1,23,4,1044
2015,1,23,5,483
2015,1,23,6,842
2015,1,23,7,1837
2015,1,23,8,3343
2015,1,23,9,4927
2015,1,23,10,6258
2015,1,23,11,6958
2015,1,23,12,6969
2015,1,23,13,6136
2015,1,23,14,4877
2015,1,23,15,3527
2015,1,23,16,2406
2015,1,23,17,1771
2015,1,23,18,1919
2015,1,23,19,2579
2015,1,23,20,3862
2015,1,23,21,5167
2015,1,23,22,6384
2015,1,23,23,7014
2015,1,24,0,7011
2015,1,24,1,6151
2015,1,24,2,4859
2015,1,24,3,3236
2015,1,24,4,1801
2015,1,24,5,822
2015,1,24,6,627
2015,1,24,7,1193
2015,1,24,8,2372
2015,1,24,9,3941
2015,1,24,10,5323
2015,1,24,11,6412
2015,1,24,12,6818
2015,1,24,13,6610
2015,1,24,14,5674
2015,1,24,15,4476
2015,1,24,16,3186
2015,1,24,17,2106
2015,1,24,18,1656
2015,1,24,19,1829
2015,1,24,20,2697
2015,1,24,21,3994
2015,1,24,22,5336
2015,1,24,23,6311
2015,1,25,0,6903
2015,1,25,1,6682
2015,1,25,2,5946
2015,1,25,3,4691
2015,1,25,4,3315
2015,1,25,5,2163
2015,1,25,6,1459
2015,1,25,7,1377
2015,1,25,8,2014
2015,1,25,9,3065
2015,1,25,10,4433
2015,1,25,11,5656
2015,1,25,12,6428
2015,1,25,13,6733
2015,1,25,14,6392
2015,1,25,15,5485
2015,1,25,16,4287
2015,1,25,17,3081
2015,1,25,18,2170
2015,1,25,19,1746
2015,1,25,20,1949
2015,1,25,21,2659
2015,1,25,22,3807
2015,1,25,23,4840
2015,1,26,0,5743
2015,1,26,1,6025
2015,1,26,2,5885
2015,1,26,3,5111
2015,1,26,4,4105
2015,1,26,5,3013
2015,1,26,6,2146
2015,1,26,7,1675
2015,1,26,8,1792
2015,1,26,9,2474
2015,1,26,10,3501
2015,1,26,11,4691
2015,1,26,12,5692
2015,1,26,13,6326
2015,1,26,14,6487
2015,1,26,15,6094
2015,1,26,16,5243
2015,1,26,17,4151
2015,1,26,18,3147
2015,1,26,19,2336
2015,1,26,20,1964
2015,1,26,21,2150
2015,1,26,22,2725
2015,1,26,23,3688
2015,1,27,0,4657
2015,1,27,1,5368
2015,1,27,2,5692
2015,1,27,3,5541
2015,1,27,4,4924
2015,1,27,5,4105
2015,1,27,6,3286
2015,1,27,7,2608
2015,1,27,8,2314
2015,1,27,9,2429
2015,1,27,10,2995
2015,1,27,11,3909
2015,1,27,12,4815
2015,1,27,13,5663
2015,1,27,14,6129
2015,1,27,15,6252
2015,1,27,16,5848
2015,1,27,17,5119
2015,1,27,18,4172
2015,1,27,19,3251
2015,1,27,20,2489
2015,1,27,21,2095
2015,1,27,22,2116
2015,1,27,23,2590
2015,1,28,0,3331
2015,1,28,1,4116
2015,1,28,2,4735
2015,1,28,3,5037
2015,1,28,4,5011
2015,1,28,5,4580
2015,1,28,6,4005
2015,1,28,7,3326
2015,1,28,8,2822
2015,1,28,9,2571
2015,1,28,10,2684
2015,1,28,11,3149
2015,1,28,12,3832
2015,1,28,13,4618
2015,1,28,14,5320
2015,1,28,15,5823
2015,1,28,16,5952
2015,1,28,17,5704
2015,1,28,18,5120
2015,1,28,19,4272
2015,1,28,20,3383
2015,1,28,21,2635
2015,1,28,22,2123
2015,1,28,23,2106
2015,1,29,0,2424
2015,1,29,1,3055
2015,1,29,2,3769
2015,1,29,3,4417
2015,1,29,4,4798
2015,1,29,5,4933
2015,1,29,6,4762
2015,1,29,7,4316
2015,1,29,8,3784
2015,1,29,9,3281
2015,1,29,10,2975
2015,1,29,11,2959
2015,1,29,12,3272
2015,1,29,13,3786
2015,1,29,14,4487
2015,1,29,15,5135
2015,1,29,16,5685
2015,1,29,17,5908
2015,1,29,18,5763
2015,1,29,19,5216
2015,1,29,20,4396
2015,1,29,21,3441
2015,1,29,22,2592
2015,1,29,23,1990
2015,1,30,0,1826
2015,1,30,1,2099
2015,1,30,2,2648
2015,1,30,3,3481
2015,1,30,4,4202
2015,1,30,5,4740
2015,1,30,6,5002
2015,1,30,7,4933
2015,1,30,8,4506
2015,1,30,9,3998
2015,1,30,10,3434
2015,1,30,11,3076
2015,1,30,12,2952
2015,1,30,13,3161
2015,1,30,14,3716
2015,1,30,15,4373
2015,1,30,16,5121
2015,1,30,17,5715
2015,1,30,18,5972
2015,1,30,19,5819
2015,1,30,20,5311
2015,1,30,21,4384
2015,1,30,22,3427
2015,1,30,23,2439
2015,1,31,0,1779
2015,2,1,0,2199
2015,2,1,1,1504
2015,2,1,2,1348
2015,2,1,3,1742
2015,2,1,4,2534
2015,2,1,5,3657
2015,2,1,6,4594
2015,2,1,7,5304
2015,2,1,8,5565
2015,2,1,9,5386
2015,2,1,10,4815
2015,2,1,11,4038
2015,2,1,12,3296
2015,2,1,13,2783
2015,2,1,14,2699
2015,2,1,15,3031
2015,2,1,16,3772
2015,2,1,17,4682
2015,2,1,18,5590
2015,2,1,19,6243
2015,2,1,20,6487
2015,2,1,21,6153
2015,2,1,22,5337
2015,2,1,23,4190
2015,2,2,0,2981
2015,2,2,1,1904
2015,2,2,2,1301
2015,2,2,3,1292
2015,2,2,4,1883
2015,2,2,5,2877
2015,2,2,6,4102
2015,2,2,7,5098
2015,2,2,8,5726
2015,2,2,9,5905
2015,2,2,10,5543
2015,2,2,11,4763
2015,2,2,12,3880
2015,2,2,13,3077
2015,2,2,14,2587
2015,2,2,15,2584
2015,2,2,16,3058
2015,2,2,17,3962
2015,2,2,18,4973
2015,2,2,19,5899
2015,2,2,20,6470
2015,2,2,21,6516
2015,2,2,22,5962
2015,2,2,23,5012
2015,2,3,0,3722
2015,2,3,1,2503
2015,2,3,2,1511
2015,2,3,3,1073
2015,2,3,4,1302
2015,2,3,5,2094
2015,2,3,6,3353
2015,2,3,7,4559
2015,2,3,8,5540
2015,2,3,9,6015
2015,2,3,10,5951
2015,2,3,11,5311
2015,2,3,12,4379
2015,2,3,13,3363
2015,2,3,14,2578
2015,2,3,15,2252
2015,2,3,16,2457
2015,2,3,17,3153
2015,2,3,18,4212
2015,2,3,19,5259
2015,2,3,20,6110
2015,2,3,21,6506
2015,2,3,22,6347
2015,2,3,23,5546
2015,2,4,0,4417
2015,2,4,1,3101
2015,2,4,2,1902
2015,2,4,3,1128
2015,2,4,4,982
2015,2,4,5,1530
2015,2,4,6,2563
2015,2,4,7,3909
2015,2,4,8,5061
2015,2,4,9,5864
2015,2,4,10,6108
2015,2,4,11,5794
2015,2,4,12,4918
2015,2,4,13,3889
2015,2,4,14,2903
2015,2,4,15,2272
2015,2,4,16,2153
2015,2,4,17,2603
2015,2,4,18,3498
2015,2,4,19,4647
2015,2,4,20,5643
2015,2,4,21,6330
2015,2,4,22,6503
2015,2,4,23,6048
2015,2,5,0,5095
2015,2,5,1,3843
2015,2,5,2,2578
2015,2,5,3,1565
2015,2,5,4,1106
2015,2,5,5,1329
2015,2,5,6,2118
2015,2,5,7,3400
2015,2,5,8,4694
2015,2,5,9,5764
2015,2,5,10,6300
2015,2,5,11,6309
2015,2,5,12,5663
2015,2,5,13,4713
2015,2,5,14,3592
2015,2,5,15,2776
2015,2,5,16,2345
2015,2,5,17,2550
2015,2,5,18,3223
2015,2,5,19,4321
2015,2,5,20,5412
2015,2,5,21,6326
2015,2,5,22,6834
2015,2,5,23,6766
2015,2,6,0,6108
2015,2,6,1,5021
2015,2,6,2,3801
2015,2,6,3,2655
2015,2,6,4,1862
2015,2,6,5,1743
2015,2,6,6,2222
2015,2,6,7,3190
2015,2,6,8,4534
2015,2,6,9,5683
2015,2,6,10,6555
2015,2,6,11,6830
2015,2,6,12,6569
2015,2,6,13,5627
2015,2,6,14,4523
2015,2,6,15,3486
2015,2,6,16,2740
2015,2,6,17,2574
2015,2,6,18,2987
2015,2,6,19,3826
2015,2,6,20,4886
2015,2,6,21,5921
2015,2,6,22,6598
2015,2,6,23,6775
2015,2,7,0,6371
2015,2,7,1,5486
2015,2,7,2,4284
2015,2,7,3,3070
2015,2,7,4,2113
2015,2,7,5,1675
2015,2,7,6,1892
2015,2,7,7,2640
2015,2,7,8,3874
2015,2,7,9,5071
2015,2,7,10,6032
2015,2,7,11,6545
2015,2,7,12,6481
2015,2,7,13,5773
2015,2,7,14,4797
2015,2,7,15,3688
2015,2,7,16,2791
2015,2,7,17,2333
2015,2,7,18,2402
2015,2,7,19,2938
2015,2,7,20,3931
2015,2,7,21,4974
2015,2,7,22,5834
2015,2,7,23,6334
2015,2,8,0,6257
2015,2,8,1,5624
2015,2,8,2,4638
2015,2,8,3,3492
2015,2,8,4,2493
2015,2,8,5,1852
2015,2,8,6,1773
2015,2,8,7,2274
2015,2,8,8,3187
2015,2,8,9,4339
2015,2,8,10,5389
2015,2,8,11,6099
2015,2,8,12,6356
2015,2,8,13,6015
2015,2,8,14,5191
2015,2,8,15,4175
2015,2,8,16,3198
2015,2,8,17,2511
2015,2,8,18,2263
2015,2,8,19,2544
2015,2,8,20,3208
2015,2,8,21,4199
2015,2,8,22,5085
2015,2,8,23,5762
2015,2,9,0,5978
2015,2,9,1,5717
2015,2,9,2,4971
2015,2,9,3,4043
2015,2,9,4,3063
2015,2,9,5,2309
2015,2,9,6,1977
2015,2,9,7,2149
2015,2,9,8,2776
2015,2,9,9,3815
2015,2,9,10,4830
2015,2,9,11,5697
2015,2,9,12,6168
2015,2,9,13,6152
2015,2,9,14,5580
2015,2,9,15,4739
2015,2,9,16,3735
2015,2,9,17,2946
2015,2,9,18,2428
2015,2,9,19,2409
2015,2,9,20,2746
2015,2,9,21,3470
2015,2,9,22,4315
2015,2,9,23,5041
2015,2,10,0,5507
2015,2,10,1,5555
2015,2,10,2,5184
2015,2,10,3,4463
2015,2,10,4,3621
2015,2,10,5,2854
2015,2,10,6,2322
2015,2,10,7,2202
2015,2,10,8,2632
2015,2,10,9,3294
2015,2,10,10,4248
2015,2,10,11,5089
2015,2,10,12,5721
2015,2,10,13,5973
2015,2,10,14,5803
2015,2,10,15,5135
2015,2,10,16,4322
2015,2,10,17,3455
2015,2,10,18,2873
2015,2,10,19,2446
2015,2,10,20,2575
2015,2,10,21,2906
2015,2,10,22,3623
2015,2,10,23,4333
2015,2,11,0,4944
2015,2,11,1,5220
2015,2,11,2,5162
2015,2,11,3,4854
2015,2,11,4,4191
2015,2,11,5,3657
2015,2,11,6,3010
2015,2,11,7,2799
2015,2,11,8,2778
2015,2,11,9,3234
2015,2,11,10,3896
2015,2,11,11,4757
2015,2,11,12,5467
2015,2,11,13,5957
2015,2,11,14,6066
2015,2,11,15,5753
2015,2,11,16,5160
2015,2,11,17,4387
2015,2,11,18,3615
2015,2,11,19,3047
2015,2,11,20,2750
2015,2,11,21,2791
2015,2,11,22,3163
2015,2,11,23,3717
2015,2,12,0,4336
2015,2,12,1,4810
2015,2,12,2,5073
2015,2,12,3,5072
2015,2,12,4,4724
2015,2,12,5,4313
2015,2,12,6,3733
2015,2,12,7,3337
2015,2,12,8,3061
2015,2,12,9,3167
2015,2,12,10,3530
2015,2,12,11,4159
2015,2,12,12,4840
2015,2,12,13,5436
2015,2,12,14,5840
2015,2,12,15,5889
2015,2,12,16,5591
2015,2,12,17,5038
2015,2,12,18,4336
2015,2,12,19,3651
2015,2,12,20,3115
2015,2,12,21,2838
2015,2,12,22,2854
2015,2,12,23,3145
2015,2,13,0,3637
2015,2,13,1,4122
2015,2,13,2,4571
2015,2,13,3,4891
2015,2,13,4,4918
2015,2,13,5,4793
2015,2,13,6,4434
2015,2,13,7,3954
2015,2,13,8,3588
2015,2,13,9,3342
2015,2,13,10,3476
2015,2,13,11,3766
2015,2,13,12,4330
2015,2,13,13,4898
2015,2,13,14,5420
2015,2,13,15,5774
2015,2,13,16,5794
2015,2,13,17,5578
2015,2,13,18,5076
2015,2,13,19,4422
2015,2,13,20,3680
2015,2,13,21,3038
2015,2,13,22,2581
2015,2,13,23,2470
2015,2,14,0,2613
2015,2,14,1,3073
2015,2,14,2,3663
2015,2,14,3,4276
2015,2,14,4,4692
2015,2,14,5,4927
2015,2,14,6,4842
2015,2,14,7,4516
2015,2,14,8,4019
2015,2,14,9,3573
2015,2,14,10,3281
2015,2,14,11,3221
2015,2,14,12,3491
2015,2,14,13,3961
2015,2,14,14,4500
2015,2,14,15,5100
2015,2,14,16,5525
2015,2,14,17,5715
2015,2,14,18,5583
2015,2,14,19,5117
2015,2,14,20,4364
2015,2,14,21,3497
2015,2,14,22,2678
2015,2,14,23,2089
2015,2,15,0,1882
2015,2,15,1,2060
2015,2,15,2,2547
2015,2,15,3,3323
2015,2,15,4,4071
2015,2,15,5,4661
2015,2,15,6,5032
2015,2,15,7,4995
2015,2,15,8,4637
2015,2,15,9,4078
2015,2,15,10,3466
2015,2,15,11,3003
2015,2,15,12,2823
2015,2,15,13,3012
2015,2,15,14,3523
2015,2,15,15,4265
2015,2,15,16,5045
2015,2,15,17,5637
2015,2,15,18,5968
2015,2,15,19,5810
2015,2,15,20,5257
2015,2,15,21,4358
2015,2,15,22,3284
2015,2,15,23,2307
2015,2,16,0,1581
2015,2,16,1,1327
2015,2,16,2,1582
2015,2,16,3,2253
2015,2,16,4,3228
2015,2,16,5,4218
2015,2,16,6,4964
2015,2,16,7,5410
2015,2,16,8,5334
2015,2,16,9,4860
2015,2,16,10,4086
2015,2,16,11,3313
2015,2,16,12,2653
2015,2,16,13,2395
2015,2,16,14,2611
2015,2,16,15,3244
2015,2,16,16,4232
2015,2,16,17,5225
2015,2,16,18,5987
2015,2,16,19,6385
2015,2,16,20,6194
2015,2,16,21,5440
2015,2,16,22,4369
2015,2,16,23,3067
2015,2,17,0,1944
2015,2,17,1,1111
2015,2,17,2,903
2015,2,17,3,1284
2015,2,17,4,2197
2015,2,17,5,3434
2015,2,17,6,4583
2015,2,17,7,5494
2015,2,17,8,5871
2015,2,17,9,5780
2015,2,17,10,5043
2015,2,17,11,4061
2015,2,17,12,3038
2015,2,17,13,2232
2015,2,17,14,1949
2015,2,17,15,2247
2015,2,17,16,3088
2015,2,17,17,4326
2015,2,17,18,5530
2015,2,17,19,6438
2015,2,17,20,6825
2015,2,17,21,6518
2015,2,17,22,5538
2015,2,17,23,4210
2015,2,18,0,2752
2015,2,18,1,1521
2015,2,18,2,720
2015,2,18,3,647
2015,2,18,4,1251
2015,2,18,5,2407
2015,2,18,6,3890
2015,2,18,7,5213
2015,2,18,8,6167
2015,2,18,9,6532
2015,2,18,10,6205
2015,2,18,11,5188
2015,2,18,12,3923
2015,2,18,13,2656
2015,2,18,14,1794
2015,2,18,15,1586
2015,2,18,16,2159
2015,2,18,17,3204
2015,2,18,18,4706
2015,2,18,19,5967
2015,2,18,20,6895
2015,2,18,21,7184
2015,2,18,22,6690
2015,2,18,23,5530
2015,2,19,0,4019
2015,2,19,1,2442
2015,2,19,2,1111
2015,2,19,3,411
2015,2,19,4,505
2015,2,19,5,1406
2015,2,19,6,2832
2015,2,19,7,4502
2015,2,19,8,5862
2015,2,19,9,6686
2015,2,19,10,6802
2015,2,19,11,6155
2015,2,19,12,4857
2015,2,19,13,3379
2015,2,19,14,2024
2015,2,19,15,1203
2015,2,19,16,1146
2015,2,19,17,1863
2015,2,19,18,3177
2015,2,19,19,4762
2015,2,19,20,6126
2015,2,19,21,6998
2015,2,19,22,7109
2015,2,19,23,6446
2015,2,20,0,5096
2015,2,20,1,3465
2015,2,20,2,1851
2015,2,20,3,609
2015,2,20,4,122
2015,2,20,5,507
2015,2,20,6,1674
2015,2,20,7,3319
2015,2,20,8,4988
2015,2,20,9,6291
2015,2,20,10,6928
2015,2,20,11,6810
2015,2,20,12,5859
2015,2,20,13,4411
2015,2,20,14,2828
2015,2,20,15,1481
2015,2,20,16,794
2015,2,20,17,885
2015,2,20,18,1819
2015,2,20,19,3249
2015,2,20,20,4881
2015,2,20,21,6179
2015,2,20,22,6931
2015,2,20,23,6947
2015,2,21,0,6101
2015,2,21,1,4658
2015,2,21,2,2989
2015,2,21,3,1451
2015,2,21,4,419
2015,2,21,5,231
2015,2,21,6,907
2015,2,21,7,2253
2015,2,21,8,3950
2015,2,21,9,5531
2015,2,21,10,6625
2015,2,21,11,7024
2015,2,21,12,6677
2015,2,21,13,5443
2015,2,21,14,3961
2015,2,21,15,2350
2015,2,21,16,1178
2015,2,21,17,618
2015,2,21,18,960
2015,2,21,19,1949
2015,2,21,20,3457
2015,2,21,21,4962
2015,2,21,22,6174
2015,2,21,23,6685
2015,2,22,0,6530
2015,2,22,1,5549
2015,2,22,2,4162
2015,2,22,3,2595
2015,2,22,4,1297
2015,2,22,5,557
2015,2,22,6,626
2015,2,22,7,1489
2015,2,22,8,2880
2015,2,22,9,4529
2015,2,22,10,5884
2015,2,22,11,6732
2015,2,22,12,6894
2015,2,22,13,6304
2015,2,22,14,5011
2015,2,22,15,3538
2015,2,22,16,2113
2015,2,22,17,1122
2015,2,22,18,770
2015,2,22,19,1195
2015,2,22,20,2207
2015,2,22,21,3618
2015,2,22,22,4959
2015,2,22,23,5959
2015,2,23,0,6306
2015,2,23,1,6084
2015,2,23,2,5041
2015,2,23,3,3788
2015,2,23,4,2426
2015,2,23,5,1435
2015,2,23,6,1010
2015,2,23,7,1319
2015,2,23,8,2222
2015,2,23,9,3582
2015,2,23,10,4933
2015,2,23,11,6056
2015,2,23,12,6622
2015,2,23,13,6588
2015,2,23,14,5855
2015,2,23,15,4680
2015,2,23,16,3324
2015,2,23,17,2108
2015,2,23,18,1334
2015,2,23,19,1135
2015,2,23,20,1600
2015,2,23,21,2532
2015,2,23,22,3802
2015,2,23,23,4874
2015,2,24,0,5679
2015,2,24,1,5846
2015,2,24,2,5553
2015,2,24,3,4651
2015,2,24,4,3562
2015,2,24,5,2546
2015,2,24,6,1792
2015,2,24,7,1642
2015,2,24,8,1996
2015,2,24,9,2880
2015,2,24,10,4041
2015,2,24,11,5119
2015,2,24,12,5955
2015,2,24,13,6318
2015,2,24,14,6166
2015,2,24,15,5423
2015,2,24,16,4436
2015,2,24,17,3239
2015,2,24,18,2263
2015,2,24,19,1614
2015,2,24,20,1471
2015,2,24,21,1891
2015,2,24,22,2682
2015,2,24,23,3747
2015,2,25,0,4621
2015,2,25,1,5213
2015,2,25,2,5291
2015,2,25,3,5044
2015,2,25,4,4322
2015,2,25,5,3498
2015,2,25,6,2760
2015,2,25,7,2280
2015,2,25,8,2226
2015,2,25,9,2576
2015,2,25,10,3302
2015,2,25,11,4158
2015,2,25,12,5024
2015,2,25,13,5665
2015,2,25,14,5908
2015,2,25,15,5758
2015,2,25,16,5164
2015,2,25,17,4297
2015,2,25,18,3380
2015,2,25,19,2526
2015,2,25,20,1926
2015,2,25,21,1801
2015,2,25,22,2058
2015,2,25,23,2737
2015,2,26,0,3560
2015,2,26,1,4323
2015,2,26,2,4833
2015,2,26,3,4948
2015,2,26,4,4822
2015,2,26,5,4280
2015,2,26,6,3718
2015,2,26,7,3160
2015,2,26,8,2793
2015,2,26,9,2737
2015,2,26,10,2996
2015,2,26,11,3536
2015,2,26,12,4177
2015,2,26,13,4845
2015,2,26,14,5360
2015,2,26,15,5604
2015,2,26,16,5534
2015,2,26,17,5110
2015,2,26,18,4421
2015,2,26,19,3610
2015,2,26,20,2821
2015,2,26,21,2237
2015,2,26,22,1955
2015,2,26,23,2146
2015,2,27,0,2573
2015,2,27,1,3328
2015,2,27,2,3981
2015,2,27,3,4484
2015,2,27,4,4735
2015,2,27,5,4691
2015,2,27,6,4385
2015,2,27,7,3979
2015,2,27,8,3459
2015,2,27,9,3143
2015,2,27,10,2901
2015,2,27,11,3042
2015,2,27,12,3322
2015,2,27,13,3860
2015,2,27,14,4454
2015,2,27,15,4979
2015,2,27,16,5331
2015,2,27,17,5379
2015,2,27,18,5033
2015,2,27,19,4452
2015,2,27,20,3660
2015,2,27,21,2856
2015,2,27,22,2231
2015,2,27,23,1884
2015,2,28,0,1941
2015,2,28,1,2299
2015,2,28,2,2982
2015,2,28,3,3646
2015,2,28,4,4269
2015,2,28,5,4676
2015,2,28,6,4778
2015,2,28,7,4619
2015,2,28,8,4196
2015,2,28,9,3701
2015,2,28,10,3233
2015,2,28,11,2915
2015,2,28,12,2859
2015,2,28,13,3106
2015,2,28,14,3621
2015,2,28,15,4259
2015,2,28,16,4906
2015,2,28,17,5333
2015,2,28,18,5449
2015,2,28,19,5202
2015,2,28,20,4608
2015,2,28,21,3770
2015,2,28,22,2923
2015,2,28,23,2187
2015,3,1,0,1806
2015,3,1,1,1767
2015,3,1,2,2181
2015,3,1,3,2859
2015,3,1,4,3663
2015,3,1,5,4375
2015,3,1,6,4873
2015,3,1,7,5067
2015,3,1,8,4899
2015,3,1,9,4398
2015,3,1,10,3755
2015,3,1,11,3148
2015,3,1,12,2750
2015,3,1,13,2650
2015,3,1,14,2919
2015,3,1,15,3492
2015,3,1,16,4283
2015,3,1,17,4998
2015,3,1,18,5558
2015,3,1,19,5692
2015,3,1,20,5398
2015,3,1,21,4698
2015,3,1,22,3743
2015,3,1,23,2785
2015,3,2,0,1963
2015,3,2,1,1514
2015,3,2,2,1595
2015,3,2,3,2084
2015,3,2,4,2920
2015,3,2,5,3838
2015,3,2,6,4672
2015,3,2,7,5173
2015,3,2,8,5342
2015,3,2,9,5027
2015,3,2,10,4352
2015,3,2,11,3552
2015,3,2,12,2817
2015,3,2,13,2384
2015,3,2,14,2368
2015,3,2,15,2743
2015,3,2,16,3499
2015,3,2,17,4411
2015,3,2,18,5179
2015,3,2,19,5717
2015,3,2,20,5808
2015,3,2,21,5377
2015,3,2,22,4570
2015,3,2,23,3482
2015,3,3,0,2439
2015,3,3,1,1627
2015,3,3,2,1296
2015,3,3,3,1527
2015,3,3,4,2213
2015,3,3,5,3262
2015,3,3,6,4285
2015,3,3,7,5119
2015,3,3,8,5529
2015,3,3,9,5510
2015,3,3,10,4964
2015,3,3,11,4153
2015,3,3,12,3202
2015,3,3,13,2465
2015,3,3,14,2088
2015,3,3,15,2222
2015,3,3,16,2758
2015,3,3,17,3738
2015,3,3,18,4732
2015,3,3,19,5558
2015,3,3,20,5999
2015,3,3,21,5901
2015,3,3,22,5221
2015,3,3,23,4212
2015,3,4,0,3039
2015,3,4,1,2003
2015,3,4,2,1309
2015,3,4,3,1210
2015,3,4,4,1652
2015,3,4,5,2571
2015,3,4,6,3784
2015,3,4,7,4813
2015,3,4,8,5594
2015,3,4,9,5834
2015,3,4,10,5572
2015,3,4,11,4732
2015,3,4,12,3752
2015,3,4,13,2722
2015,3,4,14,2077
2015,3,4,15,1873
2015,3,4,16,2275
2015,3,4,17,3059
2015,3,4,18,4129
2015,3,4,19,5198
2015,3,4,20,5874
2015,3,4,21,6180
2015,3,4,22,5833
2015,3,4,23,4989
2015,3,5,0,3818
2015,3,5,1,2642
2015,3,5,2,1649
2015,3,5,3,1193
2015,3,5,4,1358
2015,3,5,5,2089
2015,3,5,6,3281
2015,3,5,7,4483
2015,3,5,8,5532
2015,3,5,9,6067
2015,3,5,10,6071
2015,3,5,11,5439
2015,3,5,12,4414
2015,3,5,13,3272
2015,3,5,14,2328
2015,3,5,15,1795
2015,3,5,16,1884
2015,3,5,17,2503
2015,3,5,18,3566
2015,3,5,19,4731
2015,3,5,20,5753
2015,3,5,21,6284
2015,3,5,22,6330
2015,3,5,23,5724
2015,3,6,0,4691
2015,3,6,1,3343
2015,3,6,2,2200
2015,3,6,3,1318
2015,3,6,4,1151
2015,3,6,5,1611
2015,3,6,6,2604
2015,3,6,7,3930
2015,3,6,8,5094
2015,3,6,9,5920
2015,3,6,10,6151
2015,3,6,11,5776
2015,3,6,12,4793
2015,3,6,13,3671
2015,3,6,14,2499
2015,3,6,15,1719
2015,3,6,16,1498
2015,3,6,17,1861
2015,3,6,18,2686
2015,3,6,19,3900
2015,3,6,20,4995
2015,3,6,21,5797
2015,3,6,22,6126
2015,3,6,23,5847
2015,3,7,0,4962
2015,3,7,1,3826
2015,3,7,2,2578
2015,3,7,3,1594
2015,3,7,4,1108
2015,3,7,5,1320
2015,3,7,6,2083
2015,3,7,7,3322
2015,3,7,8,4594
2015,3,7,9,5617
2015,3,7,10,6138
2015,3,7,11,6052
2015,3,7,12,5305
2015,3,7,13,4195
2015,3,7,14,2985
2015,3,7,15,1980
2015,3,7,16,1431
2015,3,7,17,1503
2015,3,7,18,2111
2015,3,7,19,3151
2015,3,7,20,4340
2015,3,7,21,5330
2015,3,7,22,5941
2015,3,7,23,5997
2015,3,8,0,5454
2015,3,8,1,4439
2015,3,8,2,3240
2015,3,8,3,2108
2015,3,8,4,1397
2015,3,8,5,1277
2015,3,8,6,1799
2015,3,8,7,2804
2015,3,8,8,4137
2015,3,8,9,5267
2015,3,8,10,6059
2015,3,8,11,6247
2015,3,8,12,5851
2015,3,8,13,4851
2015,3,8,14,3700
2015,3,8,15,2546
2015,3,8,16,1749
2015,3,8,17,1454
2015,3,8,18,1793
2015,3,8,19,2566
2015,3,8,20,3731
2015,3,8,21,4799
2015,3,8,22,5648
2015,3,8,23,5994
2015,3,9,0,5817
2015,3,9,1,5025
2015,3,9,2,3965
2015,3,9,3,2820
2015,3,9,4,1900
2015,3,9,5,1548
2015,3,9,6,1744
2015,3,9,7,2534
2015,3,9,8,3667
2015,3,9,9,4850
2015,3,9,10,5785
2015,3,9,11,6215
2015,3,9,12,6100
2015,3,9,13,5331
2015,3,9,14,4280
2015,3,9,15,3082
2015,3,9,16,2129
2015,3,9,17,1526
2015,3,9,18,1552
2015,3,9,19,2076
2015,3,9,20,3010
2015,3,9,21,4141
2015,3,9,22,5049
2015,3,9,23,5656
2015,3,10,0,5753
2015,3,10,1,5307
2015,3,10,2,4435
2015,3,10,3,3386
2015,3,10,4,2487
2015,3,10,5,1878
2015,3,10,6,1837
2015,3,10,7,2300
2015,3,10,8,3172
2015,3,10,9,4246
2015,3,10,10,5252
2015,3,10,11,5937
2015,3,10,12,6119
2015,3,10,13,5789
2015,3,10,14,4931
2015,3,10,15,3855
2015,3,10,16,2799
2015,3,10,17,1998
2015,3,10,18,1624
2015,3,10,19,1816
2015,3,10,20,2482
2015,3,10,21,3495
2015,3,10,22,4460
2015,3,10,23,5251
2015,3,11,0,5609
2015,3,11,1,5516
2015,3,11,2,4947
2015,3,11,3,4160
2015,3,11,4,3244
2015,3,11,5,2581
2015,3,11,6,2223
2015,3,11,7,2424
2015,3,11,8,3032
2015,3,11,9,3952
2015,3,11,10,4919
2015,3,11,11,5710
2015,3,11,12,6147
2015,3,11,13,6140
2015,3,11,14,5604
2015,3,11,15,4776
2015,3,11,16,3792
2015,3,11,17,2915
2015,3,11,18,2284
2015,3,11,19,2153
2015,3,11,20,2439
2015,3,11,21,3122
2015,3,11,22,3963
2015,3,11,23,4782
2015,3,12,0,5372
2015,3,12,1,5562
2015,3,12,2,5357
2015,3,12,3,4847
2015,3,12,4,4074
2015,3,12,5,3406
2015,3,12,6,2862
2015,3,12,7,2777
2015,3,12,8,2940
2015,3,12,9,3589
2015,3,12,10,4339
2015,3,12,11,5176
2015,3,12,12,5726
2015,3,12,13,6071
2015,3,12,14,5877
2015,3,12,15,5314
2015,3,12,16,4514
2015,3,12,17,3553
2015,3,12,18,2773
2015,3,12,19,2246
2015,3,12,20,2157
2015,3,12,21,2454
2015,3,12,22,3048
2015,3,12,23,3753
2015,3,13,0,4420
2015,3,13,1,4858
2015,3,13,2,5030
2015,3,13,3,4864
2015,3,13,4,4455
2015,3,13,5,3895
2015,3,13,6,3397
2015,3,13,7,3060
2015,3,13,8,3014
2015,3,13,9,3277
2015,3,13,10,3841
2015,3,13,11,4485
2015,3,13,12,5151
2015,3,13,13,5662
2015,3,13,14,5862
2015,3,13,15,5692
2015,3,13,16,5206
2015,3,13,17,4471
2015,3,13,18,3674
2015,3,13,19,2989
2015,3,13,20,2562
2015,3,13,21,2426
2015,3,13,22,2685
2015,3,13,23,3204
2015,3,14,0,3821
2015,3,14,1,4489
2015,3,14,2,4882
2015,3,14,3,5115
2015,3,14,4,4931
2015,3,14,5,4627
2015,3,14,6,4137
2015,3,14,7,3678
2015,3,14,8,3333
2015,3,14,9,3247
2015,3,14,10,3436
2015,3,14,11,3889
2015,3,14,12,4447
2015,3,14,13,5055
2015,3,14,14,5499
2015,3,14,15,5694
2015,3,14,16,5544
2015,3,14,17,5129
2015,3,14,18,4468
2015,3,14,19,3695
2015,3,14,20,3016
2015,3,14,21,2500
2015,3,14,22,2256
2015,3,14,23,2353
2015,3,15,0,2729
2015,3,15,1,3369
2015,3,15,2,3995
2015,3,15,3,4553
2015,3,15,4,4893
2015,3,15,5,4919
2015,3,15,6,4673
2015,3,15,7,4246
2015,3,15,8,3736
2015,3,15,9,3336
2015,3,15,10,3125
2015,3,15,11,3150
2015,3,15,12,3474
2015,3,15,13,4011
2015,3,15,14,4616
2015,3,15,15,5152
2015,3,15,16,5516
2015,3,15,17,5516
2015,3,15,18,5171
2015,3,15,19,4566
2015,3,15,20,3751
2015,3,15,21,2943
2015,3,15,22,2277
2015,3,15,23,1942
2015,3,16,0,1956
2015,3,16,1,2335
2015,3,16,2,2990
2015,3,16,3,3760
2015,3,16,4,4468
2015,3,16,5,4964
2015,3,16,6,5181
2015,3,16,7,5018
2015,3,16,8,4507
2015,3,16,9,3884
2015,3,16,10,3264
2015,3,16,11,2859
2015,3,16,12,2749
2015,3,16,13,3028
2015,3,16,14,3610
2015,3,16,15,4386
2015,3,16,16,5139
2015,3,16,17,5646
2015,3,16,18,5826
2015,3,16,19,5547
2015,3,16,20,4860
2015,3,16,21,3917
2015,3,16,22,2918
2015,3,16,23,2056
2015,3,17,0,1591
2015,3,17,1,1583
2015,3,17,2,2079
2015,3,17,3,2896
2015,3,17,4,3898
2015,3,17,5,4833
2015,3,17,6,5483
2015,3,17,7,5722
2015,3,17,8,5479
2015,3,17,9,4774
2015,3,17,10,3888
2015,3,17,11,3033
2015,3,17,12,2412
2015,3,17,13,2292
2015,3,17,14,2614
2015,3,17,15,3423
2015,3,17,16,4423
2015,3,17,17,5365
2015,3,17,18,6043
2015,3,17,19,6273
2015,3,17,20,5954
2015,3,17,21,5119
2015,3,17,22,3976
2015,3,17,23,2770
2015,3,18,0,1752
2015,3,18,1,1209
2015,3,18,2,1266
2015,3,18,3,1878
2015,3,18,4,2959
2015,3,18,5,4184
2015,3,18,6,5309
2015,3,18,7,6035
2015,3,18,8,6227
2015,3,18,9,5815
2015,3,18,10,4820
2015,3,18,11,3671
2015,3,18,12,2546
2015,3,18,13,1832
2015,3,18,14,1722
2015,3,18,15,2230
2015,3,18,16,3243
2015,3,18,17,4532
2015,3,18,18,5658
2015,3,18,19,6489
2015,3,18,20,6695
2015,3,18,21,6246
2015,3,18,22,5233
2015,3,18,23,3897
2015,3,19,0,2531
2015,3,19,1,1457
2015,3,19,2,933
2015,3,19,3,1166
2015,3,19,4,2000
2015,3,19,5,3325
2015,3,19,6,4751
2015,3,19,7,5990
2015,3,19,8,6650
2015,3,19,9,6712
2015,3,19,10,6008
2015,3,19,11,4792
2015,3,19,12,3350
2015,3,19,13,2098
2015,3,19,14,1347
2015,3,19,15,1313
2015,3,19,16,2041
2015,3,19,17,3275
2015,3,19,18,4793
2015,3,19,19,6022
2015,3,19,20,6865
2015,3,19,21,6956
2015,3,19,22,6350
2015,3,19,23,5080
2015,3,20,0,3557
2015,3,20,1,2096
2015,3,20,2,1040
2015,3,20,3,678
2015,3,20,4,1192
2015,3,20,5,2288
2015,3,20,6,3925
2015,3,20,7,5462
2015,3,20,8,6705
2015,3,20,9,7230
2015,3,20,10,7055
2015,3,20,11,5966
2015,3,20,12,4552
2015,3,20,13,2942
2015,3,20,14,1599
2015,3,20,15,908
2015,3,20,16,1157
2015,3,20,17,2028
2015,3,20,18,3533
2015,3,20,19,5113
2015,3,20,20,6456
2015,3,20,21,7171
2015,3,20,22,7200
2015,3,20,23,6315
2015,3,21,0,4937
2015,3,21,1,3268
2015,3,21,2,1817
2015,3,21,3,856
2015,3,21,4,724
2015,3,21,5,1457
2015,3,21,6,2761
2015,3,21,7,4523
2015,3,21,8,6042
2015,3,21,9,7094
2015,3,21,10,7421
2015,3,21,11,6896
2015,3,21,12,5544
2015,3,21,13,3915
2015,3,21,14,2251
2015,3,21,15,1005
2015,3,21,16,507
2015,3,21,17,903
2015,3,21,18,2000
2015,3,21,19,3613
2015,3,21,20,5228
2015,3,21,21,6491
2015,3,21,22,7067
2015,3,21,23,6891
2015,3,22,0,5836
2015,3,22,1,4388
2015,3,22,2,2780
2015,3,22,3,1465
2015,3,22,4,786
2015,3,22,5,954
2015,3,22,6,1891
2015,3,22,7,3407
2015,3,22,8,5064
2015,3,22,9,6469
2015,3,22,10,7260
2015,3,22,11,7326
2015,3,22,12,6492
2015,3,22,13,5063
2015,3,22,14,3358
2015,3,22,15,1828
2015,3,22,16,735
2015,3,22,17,500
2015,3,22,18,1037
2015,3,22,19,2297
2015,3,22,20,3922
2015,3,22,21,5427
2015,3,22,22,6537
2015,3,22,23,6910
2015,3,23,0,6583
2015,3,23,1,5443
2015,3,23,2,4039
2015,3,23,3,2568
2015,3,23,4,1521
2015,3,23,5,1124
2015,3,23,6,1569
2015,3,23,7,2638
2015,3,23,8,4188
2015,3,23,9,5632
2015,3,23,10,6811
2015,3,23,11,7264
2015,3,23,12,7071
2015,3,23,13,6035
2015,3,23,14,4634
2015,3,23,15,3069
2015,3,23,16,1731
2015,3,23,17,868
2015,3,23,18,825
2015,3,23,19,1457
2015,3,23,20,2682
2015,3,23,21,4202
2015,3,23,22,5508
2015,3,23,23,6403
2015,3,24,0,6588
2015,3,24,1,6122
2015,3,24,2,4966
2015,3,24,3,3668
2015,3,24,4,2455
2015,3,24,5,1681
2015,3,24,6,1567
2015,3,24,7,2096
2015,3,24,8,3183
2015,3,24,9,4543
2015,3,24,10,5793
2015,3,24,11,6641
2015,3,24,12,6909
2015,3,24,13,6514
2015,3,24,14,5464
2015,3,24,15,4126
2015,3,24,16,2738
2015,3,24,17,1605
2015,3,24,18,990
2015,3,24,19,1101
2015,3,24,20,1812
2015,3,24,21,2989
2015,3,24,22,4315
2015,3,24,23,5384
2015,3,25,0,6002
2015,3,25,1,6089
2015,3,25,2,5582
2015,3,25,3,4612
2015,3,25,4,3562
2015,3,25,5,2671
2015,3,25,6,2181
2015,3,25,7,2278
2015,3,25,8,2812
2015,3,25,9,3858
2015,3,25,10,4913
2015,3,25,11,5913
2015,3,25,12,6474
2015,3,25,13,6594
2015,3,25,14,6102
2015,3,25,15,5204
2015,3,25,16,4049
2015,3,25,17,2951
2015,3,25,18,1958
2015,3,25,19,1626
2015,3,25,20,1656
2015,3,25,21,2363
2015,3,25,22,3342
2015,3,25,23,4366
2015,3,26,0,5229
2015,3,26,1,5744
2015,3,26,2,5720
2015,3,26,3,5267
2015,3,26,4,4499
2015,3,26,5,3654
2015,3,26,6,2991
2015,3,26,7,2665
2015,3,26,8,2802
2015,3,26,9,3258
2015,3,26,10,4095
2015,3,26,11,4901
2015,3,26,12,5609
2015,3,26,13,6000
2015,3,26,14,6023
2015,3,26,15,5559
2015,3,26,16,4836
2015,3,26,17,3834
2015,3,26,18,2942
2015,3,26,19,2163
2015,3,26,20,1884
2015,3,26,21,1945
2015,3,26,22,2497
2015,3,26,23,3293
2015,3,27,0,4165
2015,3,27,1,4825
2015,3,27,2,5248
2015,3,27,3,5246
2015,3,27,4,4919
2015,3,27,5,4368
2015,3,27,6,3773
2015,3,27,7,3267
2015,3,27,8,3035
2015,3,27,9,3080
2015,3,27,10,3439
2015,3,27,11,4001
2015,3,27,12,4607
2015,3,27,13,5175
2015,3,27,14,5522
2015,3,27,15,5600
2015,3,27,16,5312
2015,3,27,17,4722
2015,3,27,18,3937
2015,3,27,19,3151
2015,3,27,20,2499
2015,3,27,21,2169
2015,3,27,22,2213
2015,3,27,23,2596
2015,3,28,0,3259
2015,3,28,1,3974
2015,3,28,2,4568
2015,3,28,3,4957
2015,3,28,4,5084
2015,3,28,5,4890
2015,3,28,6,4504
2015,3,28,7,4018
2015,3,28,8,3563
2015,3,28,9,3282
2015,3,28,10,3228
2015,3,28,11,3420
2015,3,28,12,3815
2015,3,28,13,4363
2015,3,28,14,4873
2015,3,28,15,5300
2015,3,28,16,5425
2015,3,28,17,5302
2015,3,28,18,4838
2015,3,28,19,4228
2015,3,28,20,3544
2015,3,28,21,2945
2015,3,28,22,2548
2015,3,28,23,2481
2015,3,29,0,2749
2015,3,29,1,3276
2015,3,29,2,3869
2015,3,29,3,4488
2015,3,29,4,4963
2015,3,29,5,5215
2015,3,29,6,5161
2015,3,29,7,4826
2015,3,29,8,4324
2015,3,29,9,3791
2015,3,29,10,3362
2015,3,29,11,3207
2015,3,29,12,3277
2015,3,29,13,3653
2015,3,29,14,4169
2015,3,29,15,4775
2015,3,29,16,5219
2015,3,29,17,5461
2015,3,29,18,5356
2015,3,29,19,4942
2015,3,29,20,4282
2015,3,29,21,3537
2015,3,29,22,2819
2015,3,29,23,2357
2015,3,30,0,2212
2015,3,30,1,2442
2015,3,30,2,2961
2015,3,30,3,3689
2015,3,30,4,4434
2015,3,30,5,5030
2015,3,30,6,5346
2015,3,30,7,5338
2015,3,30,8,4927
2015,3,30,9,4364
2015,3,30,10,3716
2015,3,30,11,3211
2015,3,30,12,2956
2015,3,30,13,3030
2015,3,30,14,3466
2015,3,30,15,4122
2015,3,30,16,4825
2015,3,30,17,5485
2015,3,30,18,5764
2015,3,30,19,5694
2015,3,30,20,5284
2015,3,30,21,4564
2015,3,30,22,3627
2015,3,30,23,2943
2015,3,31,0,2366
2015,3,31,1,2267
2015,3,31,2,2547
2015,3,31,3,3170
2015,3,31,4,3966
2015,3,31,5,4790
2015,3,31,6,5402
2015,3,31,7,5679
2015,3,31,8,5560
2015,3,31,9,5009
2015,3,31,10,4271
2015,3,31,11,3473
2015,3,31,12,2876
2015,3,31,13,2588
2015,3,31,14,2709
2015,3,31,15,3200
2015,3,31,16,3989
2015,3,31,17,4792
2015,3,31,18,5425
2015,3,31,19,5733
2015,3,31,20,5640
2015,3,31,21,5067
2015,3,31,22,4235
2015,3,31,23,3270
2015,4,1,0,2465
2015,4,1,1,1937
2015,4,1,2,1943
2015,4,1,3,2352
2015,4,1,4,3210
2015,4,1,5,4172
2015,4,1,6,5089
2015,4,1,7,5656
2015,4,1,8,5841
2015,4,1,9,5490
2015,4,1,10,4739
2015,4,1,11,3798
2015,4,1,12,2901
2015,4,1,13,2278
2015,4,1,14,2092
2015,4,1,15,2383
2015,4,1,16,3090
2015,4,1,17,4034
2015,4,1,18,4913
2015,4,1,19,5552
2015,4,1,20,5787
2015,4,1,21,5534
2015,4,1,22,4784
2015,4,1,23,3806
2015,4,2,0,2772
2015,4,2,1,1954
2015,4,2,2,1593
2015,4,2,3,1774
2015,4,2,4,2472
2015,4,2,5,3540
2015,4,2,6,4623
2015,4,2,7,5490
2015,4,2,8,5941
2015,4,2,9,5860
2015,4,2,10,5230
2015,4,2,11,4311
2015,4,2,12,3252
2015,4,2,13,2376
2015,4,2,14,1867
2015,4,2,15,1908
2015,4,2,16,2423
2015,4,2,17,3406
2015,4,2,18,4432
2015,4,2,19,5391
2015,4,2,20,5949
2015,4,2,21,6035
2015,4,2,22,5550
2015,4,2,23,4606
2015,4,3,0,3484
2015,4,3,1,2448
2015,4,3,2,1773
2015,4,3,3,1645
2015,4,3,4,2135
2015,4,3,5,3049
2015,4,3,6,4269
2015,4,3,7,5307
2015,4,3,8,6075
2015,4,3,9,6253
2015,4,3,10,5919
2015,4,3,11,4965
2015,4,3,12,3857
2015,4,3,13,2738
2015,4,3,14,1897
2015,4,3,15,1612
2015,4,3,16,1889
2015,4,3,17,2669
2015,4,3,18,3876
2015,4,3,19,4928
2015,4,3,20,5820
2015,4,3,21,6222
2015,4,3,22,6054
2015,4,3,23,5277
2015,4,4,0,4206
2015,4,4,1,3051
2015,4,4,2,2083
2015,4,4,3,1647
2015,4,4,4,1810
2015,4,4,5,2560
2015,4,4,6,3756
2015,4,4,7,4958
2015,4,4,8,5971
2015,4,4,9,6410
2015,4,4,10,6338
2015,4,4,11,5546
2015,4,4,12,4440
2015,4,4,13,3195
2015,4,4,14,2130
2015,4,4,15,1487
2015,4,4,16,1508
2015,4,4,17,2058
2015,4,4,18,3096
2015,4,4,19,4304
2015,4,4,20,5388
2015,4,4,21,6086
2015,4,4,22,6243
2015,4,4,23,5785
2015,4,5,0,4776
2015,4,5,1,3575
2015,4,5,2,2481
2015,4,5,3,1737
2015,4,5,4,1641
2015,4,5,5,2129
2015,4,5,6,3139
2015,4,5,7,4429
2015,4,5,8,5523
2015,4,5,9,6297
2015,4,5,10,6496
2015,4,5,11,6048
2015,4,5,12,5029
2015,4,5,13,3763
2015,4,5,14,2534
2015,4,5,15,1588
2015,4,5,16,1228
2015,4,5,17,1491
2015,4,5,18,2310
2015,4,5,19,3561
2015,4,5,20,4777
2015,4,5,21,5784
2015,4,5,22,6227
2015,4,5,23,6134
2015,4,6,0,5323
2015,4,6,1,4247
2015,4,6,2,3058
2015,4,6,3,2147
2015,4,6,4,1714
2015,4,6,5,1948
2015,4,6,6,2689
2015,4,6,7,3896
2015,4,6,8,5103
2015,4,6,9,6072
2015,4,6,10,6545
2015,4,6,11,6451
2015,4,6,12,5625
2015,4,6,13,4433
2015,4,6,14,3117
2015,4,6,15,2003
2015,4,6,16,1292
2015,4,6,17,1265
2015,4,6,18,1799
2015,4,6,19,2803
2015,4,6,20,4103
2015,4,6,21,5174
2015,4,6,22,5927
2015,4,6,23,6134
2015,4,7,0,5749
2015,4,7,1,4804
2015,4,7,2,3703
2015,4,7,3,2664
2015,4,7,4,1980
2015,4,7,5,1881
2015,4,7,6,2368
2015,4,7,7,3338
2015,4,7,8,4565
2015,4,7,9,5648
2015,4,7,10,6384
2015,4,7,11,6536
2015,4,7,12,6059
2015,4,7,13,5039
2015,4,7,14,3761
2015,4,7,15,2549
2015,4,7,16,1635
2015,4,7,17,1208
2015,4,7,18,1450
2015,4,7,19,2148
2015,4,7,20,3320
2015,4,7,21,4446
2015,4,7,22,5438
2015,4,7,23,5918
2015,4,8,0,5913
2015,4,8,1,5305
2015,4,8,2,4332
2015,4,8,3,3304
2015,4,8,4,2466
2015,4,8,5,2071
2015,4,8,6,2236
2015,4,8,7,2878
2015,4,8,8,3959
2015,4,8,9,5048
2015,4,8,10,5941
2015,4,8,11,6392
2015,4,8,12,6292
2015,4,8,13,5575
2015,4,8,14,4509
2015,4,8,15,3296
2015,4,8,16,2223
2015,4,8,17,1525
2015,4,8,18,1359
2015,4,8,19,1762
2015,4,8,20,2568
2015,4,8,21,3713
2015,4,8,22,4711
2015,4,8,23,5475
2015,4,9,0,5761
2015,4,9,1,5552
2015,4,9,2,4830
2015,4,9,3,3973
2015,4,9,4,3092
2015,4,9,5,2507
2015,4,9,6,2355
2015,4,9,7,2694
2015,4,9,8,3426
2015,4,9,9,4425
2015,4,9,10,5345
2015,4,9,11,6046
2015,4,9,12,6300
2015,4,9,13,5996
2015,4,9,14,5214
2015,4,9,15,4190
2015,4,9,16,3112
2015,4,9,17,2227
2015,4,9,18,1730
2015,4,9,19,1744
2015,4,9,20,2236
2015,4,9,21,3087
2015,4,9,22,4055
2015,4,9,23,4919
2015,4,10,0,5475
2015,4,10,1,5661
2015,4,10,2,5421
2015,4,10,3,4736
2015,4,10,4,4037
2015,4,10,5,3258
2015,4,10,6,2854
2015,4,10,7,2805
2015,4,10,8,3200
2015,4,10,9,3947
2015,4,10,10,4852
2015,4,10,11,5668
2015,4,10,12,6141
2015,4,10,13,6219
2015,4,10,14,5747
2015,4,10,15,5020
2015,4,10,16,4057
2015,4,10,17,3150
2015,4,10,18,2368
2015,4,10,19,2042
2015,4,10,20,2080
2015,4,10,21,2565
2015,4,10,22,3315
2015,4,10,23,4166
2015,4,11,0,4889
2015,4,11,1,5361
2015,4,11,2,5438
2015,4,11,3,5140
2015,4,11,4,4594
2015,4,11,5,3946
2015,4,11,6,3379
2015,4,11,7,3072
2015,4,11,8,3074
2015,4,11,9,3434
2015,4,11,10,4114
2015,4,11,11,4833
2015,4,11,12,5466
2015,4,11,13,5846
2015,4,11,14,5847
2015,4,11,15,5467
2015,4,11,16,4801
2015,4,11,17,3965
2015,4,11,18,3135
2015,4,11,19,2460
2015,4,11,20,2114
2015,4,11,21,2146
2015,4,11,22,2534
2015,4,11,23,3236
2015,4,12,0,3969
2015,4,12,1,4669
2015,4,12,2,5136
2015,4,12,3,5263
2015,4,12,4,5061
2015,4,12,5,4610
2015,4,12,6,4033
2015,4,12,7,3509
2015,4,12,8,3143
2015,4,12,9,3087
2015,4,12,10,3330
2015,4,12,11,3839
2015,4,12,12,4450
2015,4,12,13,5013
2015,4,12,14,5436
2015,4,12,15,5525
2015,4,12,16,5264
2015,4,12,17,4736
2015,4,12,18,3969
2015,4,12,19,3156
2015,4,12,20,2509
2015,4,12,21,2088
2015,4,12,22,2112
2015,4,12,23,2415
2015,4,13,0,3064
2015,4,13,1,3812
2015,4,13,2,4458
2015,4,13,3,5036
2015,4,13,4,5283
2015,4,13,5,5233
2015,4,13,6,4893
2015,4,13,7,4366
2015,4,13,8,3787
2015,4,13,9,3359
2015,4,13,10,3176
2015,4,13,11,3297
2015,4,13,12,3760
2015,4,13,13,4346
2015,4,13,14,5009
2015,4,13,15,5579
2015,4,13,16,5838
2015,4,13,17,5737
2015,4,13,18,5295
2015,4,13,19,4610
2015,4,13,20,3776
2015,4,13,21,3020
2015,4,13,22,2384
2015,4,13,23,2204
2015,4,14,0,2399
2015,4,14,1,3045
2015,4,14,2,3884
2015,4,14,3,4587
2015,4,14,4,5354
2015,4,14,5,5666
2015,4,14,6,5604
2015,4,14,7,5154
2015,4,14,8,4454
2015,4,14,9,3630
2015,4,14,10,2990
2015,4,14,11,2607
2015,4,14,12,2644
2015,4,14,13,3006
2015,4,14,14,3818
2015,4,14,15,4610
2015,4,14,16,5301
2015,4,14,17,5688
2015,4,14,18,5654
2015,4,14,19,5165
2015,4,14,20,4415
2015,4,14,21,3443
2015,4,14,22,2543
2015,4,14,23,1889
2015,4,15,0,1689
2015,4,15,1,1950
2015,4,15,2,2657
2015,4,15,3,3632
2015,4,15,4,4621
2015,4,15,5,5456
2015,4,15,6,5905
2015,4,15,7,5955
2015,4,15,8,5467
2015,4,15,9,4586
2015,4,15,10,3633
2015,4,15,11,2738
2015,4,15,12,2242
2015,4,15,13,2228
2015,4,15,14,2641
2015,4,15,15,3522
2015,4,15,16,4505
2015,4,15,17,5428
2015,4,15,18,5934
2015,4,15,19,6011
2015,4,15,20,5506
2015,4,15,21,4624
2015,4,15,22,3466
2015,4,15,23,2426
2015,4,16,0,1620
2015,4,16,1,1416
2015,4,16,2,1717
2015,4,16,3,2579
2015,4,16,4,3767
2015,4,16,5,4960
2015,4,16,6,5888
2015,4,16,7,6352
2015,4,16,8,6283
2015,4,16,9,5493
2015,4,16,10,4318
2015,4,16,11,3090
2015,4,16,12,2014
2015,4,16,13,1454
2015,4,16,14,1490
2015,4,16,15,2165
2015,4,16,16,3251
2015,4,16,17,4495
2015,4,16,18,5564
2015,4,16,19,6147
2015,4,16,20,6226
2015,4,16,21,5608
2015,4,16,22,4543
2015,4,16,23,3258
2015,4,17,0,2099
2015,4,17,1,1310
2015,4,17,2,1202
2015,4,17,3,1719
2015,4,17,4,2778
2015,4,17,5,4213
2015,4,17,6,5520
2015,4,17,7,6479
2015,4,17,8,6867
2015,4,17,9,6543
2015,4,17,10,5433
2015,4,17,11,4067
2015,4,17,12,2592
2015,4,17,13,1401
2015,4,17,14,829
2015,4,17,15,1030
2015,4,17,16,1888
2015,4,17,17,3237
2015,4,17,18,4634
2015,4,17,19,5772
2015,4,17,20,6379
2015,4,17,21,6356
2015,4,17,22,5594
2015,4,17,23,4358
2015,4,18,0,2963
2015,4,18,1,1744
2015,4,18,2,986
2015,4,18,3,1001
2015,4,18,4,1738
2015,4,18,5,3048
2015,4,18,6,4608
2015,4,18,7,5926
2015,4,18,8,6801
2015,4,18,9,6967
2015,4,18,10,6315
2015,4,18,11,4991
2015,4,18,12,3429
2015,4,18,13,1867
2015,4,18,14,739
2015,4,18,15,324
2015,4,18,16,686
2015,4,18,17,1807
2015,4,18,18,3295
2015,4,18,19,4818
2015,4,18,20,5977
2015,4,18,21,6530
2015,4,18,22,6349
2015,4,18,23,5423
2015,4,19,0,4088
2015,4,19,1,2651
2015,4,19,2,1487
2015,4,19,3,955
2015,4,19,4,1182
2015,4,19,5,2186
2015,4,19,6,3644
2015,4,19,7,5200
2015,4,19,8,6449
2015,4,19,9,7111
2015,4,19,10,7036
2015,4,19,11,6105
2015,4,19,12,4718
2015,4,19,13,3023
2015,4,19,14,1532
2015,4,19,15,453
2015,4,19,16,232
2015,4,19,17,764
2015,4,19,18,2042
2015,4,19,19,3616
2015,4,19,20,5128
2015,4,19,21,6214
2015,4,19,22,6615
2015,4,19,23,6323
2015,4,20,0,5238
2015,4,20,1,3900
2015,4,20,2,2479
2015,4,20,3,1500
2015,4,20,4,1172
2015,4,20,5,1638
2015,4,20,6,2746
2015,4,20,7,4298
2015,4,20,8,5716
2015,4,20,9,6802
2015,4,20,10,7207
2015,4,20,11,6928
2015,4,20,12,5810
2015,4,20,13,4359
2015,4,20,14,2704
2015,4,20,15,1303
2015,4,20,16,436
2015,4,20,17,409
2015,4,20,18,1162
2015,4,20,19,2477
2015,4,20,20,4092
2015,4,20,21,5486
2015,4,20,22,6393
2015,4,20,23,6601
2015,4,21,0,6144
2015,4,21,1,4982
2015,4,21,2,3699
2015,4,21,3,2448
2015,4,21,4,1697
2015,4,21,5,1566
2015,4,21,6,2175
2015,4,21,7,3343
2015,4,21,8,4767
2015,4,21,9,6032
2015,4,21,10,6864
2015,4,21,11,7054
2015,4,21,12,6482
2015,4,21,13,5304
2015,4,21,14,3828
2015,4,21,15,2338
2015,4,21,16,1085
2015,4,21,17,472
2015,4,21,18,573
2015,4,21,19,1418
2015,4,21,20,2753
2015,4,21,21,4254
2015,4,21,22,5432
2015,4,21,23,6129
2015,4,22,0,6174
2015,4,22,1,5575
2015,4,22,2,4438
2015,4,22,3,3264
2015,4,22,4,2230
2015,4,22,5,1750
2015,4,22,6,1821
2015,4,22,7,2538
2015,4,22,8,3687
2015,4,22,9,4908
2015,4,22,10,5924
2015,4,22,11,6514
2015,4,22,12,6514
2015,4,22,13,5827
2015,4,22,14,4723
2015,4,22,15,3351
2015,4,22,16,2044
2015,4,22,17,1046
2015,4,22,18,657
2015,4,22,19,964
2015,4,22,20,1853
2015,4,22,21,3208
2015,4,22,22,4455
2015,4,22,23,5486
2015,4,23,0,5931
2015,4,23,1,5852
2015,4,23,2,5194
2015,4,23,3,4262
2015,4,23,4,3279
2015,4,23,5,2575
2015,4,23,6,2293
2015,4,23,7,2535
2015,4,23,8,3225
2015,4,23,9,4199
2015,4,23,10,5208
2015,4,23,11,6008
2015,4,23,12,6362
2015,4,23,13,6221
2015,4,23,14,5565
2015,4,23,15,4487
2015,4,23,16,3347
2015,4,23,17,2217
2015,4,23,18,1450
2015,4,23,19,1248
2015,4,23,20,1608
2015,4,23,21,2458
2015,4,23,22,3593
2015,4,23,23,4613
2015,4,24,0,5380
2015,4,24,1,5675
2015,4,24,2,5538
2015,4,24,3,4904
2015,4,24,4,4151
2015,4,24,5,3370
2015,4,24,6,2846
2015,4,24,7,2657
2015,4,24,8,2881
2015,4,24,9,3452
2015,4,24,10,4274
2015,4,24,11,5076
2015,4,24,12,5674
2015,4,24,13,5940
2015,4,24,14,5731
2015,4,24,15,5121
2015,4,24,16,4218
2015,4,24,17,3228
2015,4,24,18,2352
2015,4,24,19,1768
2015,4,24,20,1682
2015,4,24,21,2046
2015,4,24,22,2779
2015,4,24,23,3715
2015,4,25,0,4495
2015,4,25,1,5103
2015,4,25,2,5338
2015,4,25,3,5212
2015,4,25,4,4733
2015,4,25,5,4128
2015,4,25,6,3509
2015,4,25,7,3076
2015,4,25,8,2887
2015,4,25,9,3044
2015,4,25,10,3519
2015,4,25,11,4139
2015,4,25,12,4811
2015,4,25,13,5283
2015,4,25,14,5454
2015,4,25,15,5303
2015,4,25,16,4788
2015,4,25,17,4047
2015,4,25,18,3245
2015,4,25,19,2542
2015,4,25,20,2048
2015,4,25,21,2012
2015,4,25,22,2286
2015,4,25,23,2899
2015,4,26,0,3685
2015,4,26,1,4361
2015,4,26,2,4948
2015,4,26,3,5178
2015,4,26,4,5120
2015,4,26,5,4789
2015,4,26,6,4302
2015,4,26,7,3765
2015,4,26,8,3324
2015,4,26,9,3146
2015,4,26,10,3208
2015,4,26,11,3545
2015,4,26,12,4066
2015,4,26,13,4634
2015,4,26,14,5100
2015,4,26,15,5387
2015,4,26,16,5312
2015,4,26,17,4982
2015,4,26,18,4364
2015,4,26,19,3668
2015,4,26,20,3000
2015,4,26,21,2467
2015,4,26,22,2336
2015,4,26,23,2520
2015,4,27,0,3012
2015,4,27,1,3685
2015,4,27,2,4358
2015,4,27,3,4869
2015,4,27,4,5166
2015,4,27,5,5169
2015,4,27,6,4865
2015,4,27,7,4391
2015,4,27,8,3809
2015,4,27,9,3342
2015,4,27,10,3019
2015,4,27,11,3009
2015,4,27,12,3227
2015,4,27,13,3721
2015,4,27,14,4259
2015,4,27,15,4766
2015,4,27,16,5080
2015,4,27,17,5091
2015,4,27,18,4811
2015,4,27,19,4272
2015,4,27,20,3612
2015,4,27,21,2984
2015,4,27,22,2527
2015,4,27,23,2428
2015,4,28,0,2571
2015,4,28,1,3105
2015,4,28,2,3748
2015,4,28,3,4496
2015,4,28,4,5067
2015,4,28,5,5459
2015,4,28,6,5518
2015,4,28,7,5260
2015,4,28,8,4746
2015,4,28,9,4122
2015,4,28,10,3565
2015,4,28,11,3324
2015,4,28,12,3428
2015,4,28,13,3465
2015,4,28,14,4035
2015,4,28,15,4295
2015,4,28,16,4913
2015,4,28,17,5188
2015,4,28,18,5306
2015,4,28,19,5132
2015,4,28,20,4667
2015,4,28,21,3845
2015,4,28,22,3186
2015,4,28,23,2469
2015,4,29,0,2272
2015,4,29,1,2407
2015,4,29,2,3024
2015,4,29,3,3856
2015,4,29,4,4686
2015,4,29,5,5327
2015,4,29,6,5649
2015,4,29,7,5594
2015,4,29,8,5097
2015,4,29,9,4401
2015,4,29,10,3613
2015,4,29,11,2958
2015,4,29,12,2556
2015,4,29,13,2554
2015,4,29,14,2848
2015,4,29,15,3473
2015,4,29,16,4157
2015,4,29,17,4792
2015,4,29,18,5225
2015,4,29,19,5302
2015,4,29,20,5028
2015,4,29,21,4446
2015,4,29,22,3680
2015,4,29,23,2908
2015,4,30,0,2403
2015,4,30,1,2228
2015,4,30,2,2534
2015,4,30,3,3194
2015,4,30,4,4119
2015,4,30,5,4985
2015,4,30,6,5682
2015,4,30,7,5977
2015,4,30,8,5781
2015,4,30,9,5125
2015,4,30,10,4252
2015,4,30,11,3294
2015,4,30,12,2570
2015,4,30,13,2171
2015,4,30,14,2204
2015,4,30,15,2699
2015,4,30,16,3512
2015,4,30,17,4343
2015,4,30,18,5086
2015,4,30,19,5465
2015,4,30,20,5477
2015,4,30,21,5038
2015,4,30,22,4329
2015,4,30,23,3458
2015,5,1,0,2683
2015,5,1,1,2216
2015,5,1,2,2190
2015,5,1,3,2678
2015,5,1,4,3545
2015,5,1,5,4560
2015,5,1,6,5453
2015,5,1,7,6009
2015,5,1,8,6063
2015,5,1,9,5588
2015,5,1,10,4722
2015,5,1,11,3673
2015,5,1,12,2733
2015,5,1,13,2023
2015,5,1,14,1803
2015,5,1,15,2066
2015,5,1,16,2721
2015,5,1,17,3670
2015,5,1,18,4576
2015,5,1,19,5317
2015,5,1,20,5634
2015,5,1,21,5524
2015,5,1,22,4874
2015,5,1,23,4005
2015,5,2,0,3019
2015,5,2,1,2270
2015,5,2,2,1924
2015,5,2,3,2157
2015,5,2,4,2834
2015,5,2,5,3918
2015,5,2,6,4980
2015,5,2,7,5825
2015,5,2,8,6187
2015,5,2,9,5993
2015,5,2,10,5216
2015,5,2,11,4162
2015,5,2,12,3028
2015,5,2,13,2076
2015,5,2,14,1487
2015,5,2,15,1483
2015,5,2,16,1940
2015,5,2,17,2801
2015,5,2,18,3912
2015,5,2,19,4885
2015,5,2,20,5578
2015,5,2,21,5781
2015,5,2,22,5445
2015,5,2,23,4591
2015,5,3,0,3569
2015,5,3,1,2565
2015,5,3,2,1961
2015,5,3,3,1845
2015,5,3,4,2373
2015,5,3,5,3318
2015,5,3,6,4499
2015,5,3,7,5529
2015,5,3,8,6230
2015,5,3,9,6325
2015,5,3,10,5847
2015,5,3,11,4856
2015,5,3,12,3621
2015,5,3,13,2464
2015,5,3,14,1554
2015,5,3,15,1194
2015,5,3,16,1412
2015,5,3,17,2178
2015,5,3,18,3284
2015,5,3,19,4456
2015,5,3,20,5410
2015,5,3,21,5931
2015,5,3,22,5892
2015,5,3,23,5278
2015,5,4,0,4272
2015,5,4,1,3202
2015,5,4,2,2341
2015,5,4,3,1914
2015,5,4,4,2156
2015,5,4,5,2850
2015,5,4,6,4039
2015,5,4,7,5193
2015,5,4,8,6137
2015,5,4,9,6563
2015,5,4,10,6397
2015,5,4,11,5540
2015,5,4,12,4402
2015,5,4,13,3091
2015,5,4,14,1988
2015,5,4,15,1265
2015,5,4,16,1156
2015,5,4,17,1627
2015,5,4,18,2585
2015,5,4,19,3846
2015,5,4,20,4942
2015,5,4,21,5820
2015,5,4,22,6116
2015,5,4,23,5863
2015,5,5,0,4992
2015,5,5,1,3949
2015,5,5,2,2852
2015,5,5,3,2157
2015,5,5,4,2010
2015,5,5,5,2478
2015,5,5,6,3447
2015,5,5,7,4655
2015,5,5,8,5715
2015,5,5,9,6442
2015,5,5,10,6607
2015,5,5,11,6118
2015,5,5,12,5087
2015,5,5,13,3766
2015,5,5,14,2478
2015,5,5,15,1447
2015,5,5,16,954
2015,5,5,17,1096
2015,5,5,18,1810
2015,5,5,19,2926
2015,5,5,20,4186
2015,5,5,21,5225
2015,5,5,22,5868
2015,5,5,23,5927
2015,5,6,0,5427
2015,5,6,1,4434
2015,5,6,2,3366
2015,5,6,3,2431
2015,5,6,4,1965
2015,5,6,5,2100
2015,5,6,6,2780
2015,5,6,7,3916
2015,5,6,8,5052
2015,5,6,9,5985
2015,5,6,10,6459
2015,5,6,11,6333
2015,5,6,12,5581
2015,5,6,13,4426
2015,5,6,14,3111
2015,5,6,15,1892
2015,5,6,16,1028
2015,5,6,17,786
2015,5,6,18,1165
2015,5,6,19,2100
2015,5,6,20,3325
2015,5,6,21,4521
2015,5,6,22,5421
2015,5,6,23,5828
2015,5,7,0,5683
2015,5,7,1,4989
2015,5,7,2,4005
2015,5,7,3,3002
2015,5,7,4,2288
2015,5,7,5,2081
2015,5,7,6,2398
2015,5,7,7,3208
2015,5,7,8,4296
2015,5,7,9,5361
2015,5,7,10,6094
2015,5,7,11,6370
2015,5,7,12,6034
2015,5,7,13,5116
2015,5,7,14,3905
2015,5,7,15,2627
2015,5,7,16,1549
2015,5,7,17,886
2015,5,7,18,896
2015,5,7,19,1433
2015,5,7,20,2477
2015,5,7,21,3709
2015,5,7,22,4770
2015,5,7,23,5467
2015,5,8,0,5680
2015,5,8,1,5403
2015,5,8,2,4588
2015,5,8,3,3690
2015,5,8,4,2807
2015,5,8,5,2299
2015,5,8,6,2218
2015,5,8,7,2685
2015,5,8,8,3560
2015,5,8,9,4585
2015,5,8,10,5514
2015,5,8,11,6087
2015,5,8,12,6168
2015,5,8,13,5666
2015,5,8,14,4740
2015,5,8,15,3559
2015,5,8,16,2403
2015,5,8,17,1477
2015,5,8,18,1055
2015,5,8,19,1178
2015,5,8,20,1848
2015,5,8,21,2883
2015,5,8,22,4016
2015,5,8,23,4969
2015,5,9,0,5540
2015,5,9,1,5635
2015,5,9,2,5242
2015,5,9,3,4475
2015,5,9,4,3594
2015,5,9,5,2884
2015,5,9,6,2462
2015,5,9,7,2529
2015,5,9,8,2999
2015,5,9,9,3870
2015,5,9,10,4765
2015,5,9,11,5548
2015,5,9,12,5958
2015,5,9,13,5934
2015,5,9,14,5354
2015,5,9,15,4462
2015,5,9,16,3330
2015,5,9,17,2297
2015,5,9,18,1452
2015,5,9,19,1212
2015,5,9,20,1396
2015,5,9,21,2121
2015,5,9,22,3115
2015,5,9,23,4086
2015,5,10,0,4889
2015,5,10,1,5329
2015,5,10,2,5364
2015,5,10,3,4986
2015,5,10,4,4311
2015,5,10,5,3572
2015,5,10,6,2931
2015,5,10,7,2626
2015,5,10,8,2633
2015,5,10,9,3082
2015,5,10,10,3804
2015,5,10,11,4624
2015,5,10,12,5267
2015,5,10,13,5674
2015,5,10,14,5612
2015,5,10,15,5090
2015,5,10,16,4277
2015,5,10,17,3292
2015,5,10,18,2364
2015,5,10,19,1696
2015,5,10,20,1455
2015,5,10,21,1686
2015,5,10,22,2315
2015,5,10,23,3203
2015,5,11,0,4090
2015,5,11,1,4814
2015,5,11,2,5278
2015,5,11,3,5346
2015,5,11,4,5006
2015,5,11,5,4420
2015,5,11,6,3654
2015,5,11,7,3050
2015,5,11,8,2659
2015,5,11,9,2621
2015,5,11,10,2968
2015,5,11,11,3610
2015,5,11,12,4357
2015,5,11,13,5010
2015,5,11,14,5376
2015,5,11,15,5387
2015,5,11,16,4969
2015,5,11,17,4252
2015,5,11,18,3374
2015,5,11,19,2528
2015,5,11,20,1909
2015,5,11,21,1692
2015,5,11,22,1868
2015,5,11,23,2403
2015,5,12,0,3247
2015,5,12,1,4060
2015,5,12,2,4835
2015,5,12,3,5337
2015,5,12,4,5487
2015,5,12,5,5241
2015,5,12,6,4645
2015,5,12,7,3866
2015,5,12,8,3135
2015,5,12,9,2633
2015,5,12,10,2445
2015,5,12,11,2722
2015,5,12,12,3316
2015,5,12,13,4100
2015,5,12,14,4819
2015,5,12,15,5304
2015,5,12,16,5420
2015,5,12,17,5120
2015,5,12,18,4492
2015,5,12,19,3652
2015,5,12,20,2825
2015,5,12,21,2193
2015,5,12,22,1880
2015,5,12,23,2000
2015,5,13,0,2466
2015,5,13,1,3293
2015,5,13,2,4190
2015,5,13,3,5037
2015,5,13,4,5618
2015,5,13,5,5822
2015,5,13,6,5577
2015,5,13,7,4868
2015,5,13,8,3991
2015,5,13,9,3108
2015,5,13,10,2450
2015,5,13,11,2178
2015,5,13,12,2377
2015,5,13,13,2938
2015,5,13,14,3791
2015,5,13,15,4592
2015,5,13,16,5259
2015,5,13,17,5484
2015,5,13,18,5323
2015,5,13,19,4717
2015,5,13,20,3884
2015,5,13,21,2994
2015,5,13,22,2262
2015,5,13,23,1829
2015,5,14,0,1882
2015,5,14,1,2358
2015,5,14,2,3259
2015,5,14,3,4248
2015,5,14,4,5213
2015,5,14,5,5902
2015,5,14,6,6105
2015,5,14,7,5810
2015,5,14,8,4976
2015,5,14,9,3904
2015,5,14,10,2865
2015,5,14,11,2023
2015,5,14,12,1676
2015,5,14,13,1845
2015,5,14,14,2495
2015,5,14,15,3498
2015,5,14,16,4500
2015,5,14,17,5289
2015,5,14,18,5669
2015,5,14,19,5568
2015,5,14,20,4953
2015,5,14,21,4041
2015,5,14,22,3067
2015,5,14,23,2231
2015,5,15,0,1743
2015,5,15,1,1821
2015,5,15,2,2367
2015,5,15,3,3384
2015,5,15,4,4502
2015,5,15,5,5580
2015,5,15,6,6288
2015,5,15,7,6481
2015,5,15,8,6042
2015,5,15,9,5035
2015,5,15,10,3765
2015,5,15,11,2506
2015,5,15,12,1551
2015,5,15,13,1142
2015,5,15,14,1403
2015,5,15,15,2218
2015,5,15,16,3384
2015,5,15,17,4528
2015,5,15,18,5482
2015,5,15,19,5873
2015,5,15,20,5776
2015,5,15,21,5101
2015,5,15,22,4075
2015,5,15,23,2991
2015,5,16,0,2112
2015,5,16,1,1642
2015,5,16,2,1802
2015,5,16,3,2479
2015,5,16,4,3631
2015,5,16,5,4860
2015,5,16,6,5983
2015,5,16,7,6636
2015,5,16,8,6706
2015,5,16,9,6022
2015,5,16,10,4831
2015,5,16,11,3374
2015,5,16,12,2014
2015,5,16,13,1032
2015,5,16,14,702
2015,5,16,15,1105
2015,5,16,16,2075
2015,5,16,17,3368
2015,5,16,18,4641
2015,5,16,19,5621
2015,5,16,20,6044
2015,5,16,21,5915
2015,5,16,22,5135
2015,5,16,23,4035
2015,5,17,0,2839
2015,5,17,1,1928
2015,5,17,2,1502
2015,5,17,3,1796
2015,5,17,4,2649
2015,5,17,5,3970
2015,5,17,6,5295
2015,5,17,7,6385
2015,5,17,8,6895
2015,5,17,9,6760
2015,5,17,10,5819
2015,5,17,11,4486
2015,5,17,12,2941
2015,5,17,13,1583
2015,5,17,14,642
2015,5,17,15,474
2015,5,17,16,1009
2015,5,17,17,2144
2015,5,17,18,3541
2015,5,17,19,4900
2015,5,17,20,5868
2015,5,17,21,6253
2015,5,17,22,5993
2015,5,17,23,5057
2015,5,18,0,3884
2015,5,18,1,2683
2015,5,18,2,1854
2015,5,18,3,1561
2015,5,18,4,2006
2015,5,18,5,2994
2015,5,18,6,4404
2015,5,18,7,5702
2015,5,18,8,6676
2015,5,18,9,7037
2015,5,18,10,6661
2015,5,18,11,5558
2015,5,18,12,4108
2015,5,18,13,2527
2015,5,18,14,1222
2015,5,18,15,411
2015,5,18,16,424
2015,5,18,17,1113
2015,5,18,18,2362
2015,5,18,19,3833
2015,5,18,20,5182
2015,5,18,21,6048
2015,5,18,22,6303
2015,5,18,23,5916
2015,5,19,0,4865
2015,5,19,1,3659
2015,5,19,2,2496
2015,5,19,3,1776
2015,5,19,4,1677
2015,5,19,5,2282
2015,5,19,6,3436
2015,5,19,7,4790
2015,5,19,8,6030
2015,5,19,9,6813
2015,5,19,10,6945
2015,5,19,11,6381
2015,5,19,12,5165
2015,5,19,13,3645
2015,5,19,14,2140
2015,5,19,15,909
2015,5,19,16,318
2015,5,19,17,486
2015,5,19,18,1374
2015,5,19,19,2693
2015,5,19,20,4152
2015,5,19,21,5391
2015,5,19,22,6114
2015,5,19,23,6172
2015,5,20,0,5640
2015,5,20,1,4522
2015,5,20,2,3342
2015,5,20,3,2334
2015,5,20,4,1799
2015,5,20,5,1915
2015,5,20,6,2666
2015,5,20,7,3869
2015,5,20,8,5126
2015,5,20,9,6190
2015,5,20,10,6748
2015,5,20,11,6667
2015,5,20,12,5920
2015,5,20,13,4678
2015,5,20,14,3222
2015,5,20,15,1844
2015,5,20,16,804
2015,5,20,17,415
2015,5,20,18,768
2015,5,20,19,1746
2015,5,20,20,3106
2015,5,20,21,4500
2015,5,20,22,5589
2015,5,20,23,6081
2015,5,21,0,6004
2015,5,21,1,5287
2015,5,21,2,4232
2015,5,21,3,3134
2015,5,21,4,2343
2015,5,21,5,2001
2015,5,21,6,2305
2015,5,21,7,3081
2015,5,21,8,4253
2015,5,21,9,5336
2015,5,21,10,6220
2015,5,21,11,6522
2015,5,21,12,6291
2015,5,21,13,5422
2015,5,21,14,4241
2015,5,21,15,2899
2015,5,21,16,1708
2015,5,21,17,868
2015,5,21,18,729
2015,5,21,19,1215
2015,5,21,20,2236
2015,5,21,21,3579
2015,5,21,22,4785
2015,5,21,23,5615
2015,5,22,0,5935
2015,5,22,1,5683
2015,5,22,2,4895
2015,5,22,3,3956
2015,5,22,4,3020
2015,5,22,5,2453
2015,5,22,6,2284
2015,5,22,7,2690
2015,5,22,8,3441
2015,5,22,9,4457
2015,5,22,10,5335
2015,5,22,11,6002
2015,5,22,12,6155
2015,5,22,13,5790
2015,5,22,14,4954
2015,5,22,15,3836
2015,5,22,16,2663
2015,5,22,17,1659
2015,5,22,18,1066
2015,5,22,19,1099
2015,5,22,20,1706
2015,5,22,21,2716
2015,5,22,22,3873
2015,5,22,23,4892
2015,5,23,0,5483
2015,5,23,1,5638
2015,5,23,2,5315
2015,5,23,3,4580
2015,5,23,4,3739
2015,5,23,5,3003
2015,5,23,6,2568
2015,5,23,7,2531
2015,5,23,8,2894
2015,5,23,9,3632
2015,5,23,10,4449
2015,5,23,11,5212
2015,5,23,12,5700
2015,5,23,13,5726
2015,5,23,14,5297
2015,5,23,15,4499
2015,5,23,16,3486
2015,5,23,17,2499
2015,5,23,18,1695
2015,5,23,19,1359
2015,5,23,20,1517
2015,5,23,21,2148
2015,5,23,22,3078
2015,5,23,23,4063
2015,5,24,0,4853
2015,5,24,1,5319
2015,5,24,2,5329
2015,5,24,3,4969
2015,5,24,4,4312
2015,5,24,5,3641
2015,5,24,6,3037
2015,5,24,7,2719
2015,5,24,8,2721
2015,5,24,9,3028
2015,5,24,10,3611
2015,5,24,11,4289
2015,5,24,12,4896
2015,5,24,13,5281
2015,5,24,14,5298
2015,5,24,15,4886
2015,5,24,16,4178
2015,5,24,17,3287
2015,5,24,18,2443
2015,5,24,19,1848
2015,5,24,20,1634
2015,5,24,21,1911
2015,5,24,22,2504
2015,5,24,23,3361
2015,5,25,0,4170
2015,5,25,1,4809
2015,5,25,2,5150
2015,5,25,3,5144
2015,5,25,4,4796
2015,5,25,5,4262
2015,5,25,6,3690
2015,5,25,7,3162
2015,5,25,8,2862
2015,5,25,9,2818
2015,5,25,10,3099
2015,5,25,11,3593
2015,5,25,12,4195
2015,5,25,13,4704
2015,5,25,14,5034
2015,5,25,15,5014
2015,5,25,16,4645
2015,5,25,17,4019
2015,5,25,18,3310
2015,5,25,19,2638
2015,5,25,20,2186
2015,5,25,21,2101
2015,5,25,22,2324
2015,5,25,23,2859
2015,5,26,0,3522
2015,5,26,1,4252
2015,5,26,2,4821
2015,5,26,3,5155
2015,5,26,4,5172
2015,5,26,5,4872
2015,5,26,6,4366
2015,5,26,7,3756
2015,5,26,8,3232
2015,5,26,9,2871
2015,5,26,10,2811
2015,5,26,11,3010
2015,5,26,12,3466
2015,5,26,13,4005
2015,5,26,14,4481
2015,5,26,15,4786
2015,5,26,16,4812
2015,5,26,17,4516
2015,5,26,18,4027
2015,5,26,19,3392
2015,5,26,20,2839
2015,5,26,21,2400
2015,5,26,22,2293
2015,5,26,23,2471
2015,5,27,0,2939
2015,5,27,1,3599
2015,5,27,2,4282
2015,5,27,3,4870
2015,5,27,4,5185
2015,5,27,5,5224
2015,5,27,6,4892
2015,5,27,7,4370
2015,5,27,8,3704
2015,5,27,9,3119
2015,5,27,10,2686
2015,5,27,11,2574
2015,5,27,12,2762
2015,5,27,13,3198
2015,5,27,14,3756
2015,5,27,15,4307
2015,5,27,16,4652
2015,5,27,17,4739
2015,5,27,18,4509
2015,5,27,19,4040
2015,5,27,20,3458
2015,5,27,21,2934
2015,5,27,22,2508
2015,5,27,23,2383
2015,5,28,0,2569
2015,5,28,1,3004
2015,5,28,2,3687
2015,5,28,3,4361
2015,5,28,4,4969
2015,5,28,5,5316
2015,5,28,6,5328
2015,5,28,7,4987
2015,5,28,8,4335
2015,5,28,9,3585
2015,5,28,10,2859
2015,5,28,11,2399
2015,5,28,12,2247
2015,5,28,13,2521
2015,5,28,14,3019
2015,5,28,15,3691
2015,5,28,16,4296
2015,5,28,17,4707
2015,5,28,18,4824
2015,5,28,19,4645
2015,5,28,20,4149
2015,5,28,21,3559
2015,5,28,22,2946
2015,5,28,23,2507
2015,5,29,0,2344
2015,5,29,1,2562
2015,5,29,2,3115
2015,5,29,3,3892
2015,5,29,4,4656
2015,5,29,5,5325
2015,5,29,6,5618
2015,5,29,7,5515
2015,5,29,8,4985
2015,5,29,9,4171
2015,5,29,10,3272
2015,5,29,11,2498
2015,5,29,12,2056
2015,5,29,13,1992
2015,5,29,14,2347
2015,5,29,15,2989
2015,5,29,16,3743
2015,5,29,17,4472
2015,5,29,18,4885
2015,5,29,19,5049
2015,5,29,20,4826
2015,5,29,21,4295
2015,5,29,22,3602
2015,5,29,23,2898
2015,5,30,0,2462
2015,5,30,1,2324
2015,5,30,2,2670
2015,5,30,3,3348
2015,5,30,4,4242
2015,5,30,5,5093
2015,5,30,6,5737
2015,5,30,7,5939
2015,5,30,8,5649
2015,5,30,9,4893
2015,5,30,10,3888
2015,5,30,11,2885
2015,5,30,12,2107
2015,5,30,13,1697
2015,5,30,14,1793
2015,5,30,15,2270
2015,5,30,16,3070
2015,5,30,17,3941
2015,5,30,18,4724
2015,5,30,19,5208
2015,5,30,20,5293
2015,5,30,21,4966
2015,5,30,22,4291
2015,5,30,23,3465
2015,5,31,0,2724
2015,6,1,0,3159
2015,6,1,1,2473
2015,6,1,2,2172
2015,6,1,3,2445
2015,6,1,4,3161
2015,6,1,5,4214
2015,6,1,6,5273
2015,6,1,7,6083
2015,6,1,8,6426
2015,6,1,9,6193
2015,6,1,10,5361
2015,6,1,11,4246
2015,6,1,12,2999
2015,6,1,13,1929
2015,6,1,14,1249
2015,6,1,15,1167
2015,6,1,16,1643
2015,6,1,17,2500
2015,6,1,18,3657
2015,6,1,19,4716
2015,6,1,20,5491
2015,6,1,21,5835
2015,6,1,22,5615
2015,6,1,23,4860
2015,6,2,0,3898
2015,6,2,1,2918
2015,6,2,2,2278
2015,6,2,3,2145
2015,6,2,4,2612
2015,6,2,5,3592
2015,6,2,6,4738
2015,6,2,7,5806
2015,6,2,8,6487
2015,6,2,9,6579
2015,6,2,10,6051
2015,6,2,11,5014
2015,6,2,12,3714
2015,6,2,13,2478
2015,6,2,14,1437
2015,6,2,15,951
2015,6,2,16,1091
2015,6,2,17,1748
2015,6,2,18,2813
2015,6,2,19,4030
2015,6,2,20,5108
2015,6,2,21,5780
2015,6,2,22,5942
2015,6,2,23,5498
2015,6,3,0,4550
2015,6,3,1,3510
2015,6,3,2,2577
2015,6,3,3,2127
2015,6,3,4,2215
2015,6,3,5,2914
2015,6,3,6,4053
2015,6,3,7,5225
2015,6,3,8,6168
2015,6,3,9,6661
2015,6,3,10,6514
2015,6,3,11,5718
2015,6,3,12,4561
2015,6,3,13,3185
2015,6,3,14,1950
2015,6,3,15,1018
2015,6,3,16,745
2015,6,3,17,1058
2015,6,3,18,1946
2015,6,3,19,3167
2015,6,3,20,4427
2015,6,3,21,5445
2015,6,3,22,5944
2015,6,3,23,5863
2015,6,4,0,5169
2015,6,4,1,4144
2015,6,4,2,3050
2015,6,4,3,2302
2015,6,4,4,2009
2015,6,4,5,2374
2015,6,4,6,3215
2015,6,4,7,4415
2015,6,4,8,5540
2015,6,4,9,6387
2015,6,4,10,6648
2015,6,4,11,6314
2015,6,4,12,5351
2015,6,4,13,4062
2015,6,4,14,2689
2015,6,4,15,1509
2015,6,4,16,762
2015,6,4,17,717
2015,6,4,18,1257
2015,6,4,19,2344
2015,6,4,20,3644
2015,6,4,21,4879
2015,6,4,22,5760
2015,6,4,23,6028
2015,6,5,0,5794
2015,6,5,1,4944
2015,6,5,2,3904
2015,6,5,3,2844
2015,6,5,4,2246
2015,6,5,5,2117
2015,6,5,6,2688
2015,6,5,7,3660
2015,6,5,8,4823
2015,6,5,9,5893
2015,6,5,10,6539
2015,6,5,11,6632
2015,6,5,12,6056
2015,6,5,13,5017
2015,6,5,14,3686
2015,6,5,15,2373
2015,6,5,16,1260
2015,6,5,17,731
2015,6,5,18,823
2015,6,5,19,1539
2015,6,5,20,2692
2015,6,5,21,3996
2015,6,5,22,5137
2015,6,5,23,5828
2015,6,6,0,5977
2015,6,6,1,5527
2015,6,6,2,4597
2015,6,6,3,3558
2015,6,6,4,2599
2015,6,6,5,2146
2015,6,6,6,2190
2015,6,6,7,2814
2015,6,6,8,3791
2015,6,6,9,4917
2015,6,6,10,5852
2015,6,6,11,6345
2015,6,6,12,6312
2015,6,6,13,5671
2015,6,6,14,4608
2015,6,6,15,3312
2015,6,6,16,2065
2015,6,6,17,1104
2015,6,6,18,712
2015,6,6,19,1031
2015,6,6,20,1859
2015,6,6,21,3088
2015,6,6,22,4363
2015,6,6,23,5349
2015,6,7,0,5871
2015,6,7,1,5845
2015,6,7,2,5328
2015,6,7,3,4382
2015,6,7,4,3453
2015,6,7,5,2650
2015,6,7,6,2270
2015,6,7,7,2415
2015,6,7,8,3002
2015,6,7,9,3959
2015,6,7,10,4961
2015,6,7,11,5782
2015,6,7,12,6186
2015,6,7,13,6087
2015,6,7,14,5394
2015,6,7,15,4383
2015,6,7,16,3147
2015,6,7,17,2063
2015,6,7,18,1271
2015,6,7,19,1098
2015,6,7,20,1476
2015,6,7,21,2341
2015,6,7,22,3504
2015,6,7,23,4638
2015,6,8,0,5483
2015,6,8,1,5884
2015,6,8,2,5811
2015,6,8,3,5179
2015,6,8,4,4310
2015,6,8,5,3382
2015,6,8,6,2660
2015,6,8,7,2313
2015,6,8,8,2451
2015,6,8,9,2990
2015,6,8,10,3822
2015,6,8,11,4735
2015,6,8,12,5476
2015,6,8,13,5787
2015,6,8,14,5672
2015,6,8,15,5002
2015,6,8,16,4051
2015,6,8,17,2949
2015,6,8,18,1979
2015,6,8,19,1292
2015,6,8,20,1210
2015,6,8,21,1646
2015,6,8,22,2469
2015,6,8,23,3576
2015,6,9,0,4601
2015,6,9,1,5367
2015,6,9,2,5731
2015,6,9,3,5614
2015,6,9,4,5031
2015,6,9,5,4243
2015,6,9,6,3338
2015,6,9,7,2672
2015,6,9,8,2208
2015,6,9,9,2301
2015,6,9,10,2724
2015,6,9,11,3523
2015,6,9,12,4369
2015,6,9,13,5113
2015,6,9,14,5483
2015,6,9,15,5444
2015,6,9,16,4880
2015,6,9,17,3989
2015,6,9,18,2999
2015,6,9,19,2141
2015,6,9,20,1548
2015,6,9,21,1500
2015,6,9,22,1926
2015,6,9,23,2697
2015,6,10,0,3718
2015,6,10,1,4651
2015,6,10,2,5381
2015,6,10,3,5752
2015,6,10,4,5653
2015,6,10,5,5143
2015,6,10,6,4334
2015,6,10,7,3466
2015,6,10,8,2698
2015,6,10,9,2204
2015,6,10,10,2145
2015,6,10,11,2502
2015,6,10,12,3233
2015,6,10,13,4081
2015,6,10,14,4863
2015,6,10,15,5306
2015,6,10,16,5346
2015,6,10,17,4901
2015,6,10,18,4124
2015,6,10,19,3205
2015,6,10,20,2424
2015,6,10,21,1888
2015,6,10,22,1847
2015,6,10,23,2186
2015,6,11,0,2899
2015,6,11,1,3831
2015,6,11,2,4751
2015,6,11,3,5517
2015,6,11,4,5897
2015,6,11,5,5840
2015,6,11,6,5302
2015,6,11,7,4472
2015,6,11,8,3506
2015,6,11,9,2611
2015,6,11,10,1980
2015,6,11,11,1848
2015,6,11,12,2169
2015,6,11,13,2929
2015,6,11,14,3830
2015,6,11,15,4696
2015,6,11,16,5212
2015,6,11,17,5285
2015,6,11,18,4963
2015,6,11,19,4247
2015,6,11,20,3427
2015,6,11,21,2676
2015,6,11,22,2137
2015,6,11,23,1986
2015,6,12,0,2248
2015,6,12,1,2903
2015,6,12,2,3809
2015,6,12,3,4786
2015,6,12,4,5570
2015,6,12,5,6033
2015,6,12,6,6010
2015,6,12,7,5422
2015,6,12,8,4500
2015,6,12,9,3347
2015,6,12,10,2310
2015,6,12,11,1563
2015,6,12,12,1364
2015,6,12,13,1714
2015,6,12,14,2453
2015,6,12,15,3512
2015,6,12,16,4387
2015,6,12,17,5051
2015,6,12,18,5235
2015,6,12,19,5013
2015,6,12,20,4352
2015,6,12,21,3561
2015,6,12,22,2734
2015,6,12,23,2153
2015,6,13,0,1931
2015,6,13,1,2198
2015,6,13,2,2892
2015,6,13,3,3861
2015,6,13,4,4875
2015,6,13,5,5736
2015,6,13,6,6211
2015,6,13,7,6128
2015,6,13,8,5462
2015,6,13,9,4416
2015,6,13,10,3151
2015,6,13,11,2012
2015,6,13,12,1202
2015,6,13,13,999
2015,6,13,14,1395
2015,6,13,15,2246
2015,6,13,16,3399
2015,6,13,17,4379
2015,6,13,18,5132
2015,6,13,19,5409
2015,6,13,20,5248
2015,6,13,21,4602
2015,6,13,22,3770
2015,6,13,23,2856
2015,6,14,0,2229
2015,6,14,1,1946
2015,6,14,2,2268
2015,6,14,3,2967
2015,6,14,4,4073
2015,6,14,5,5187
2015,6,14,6,6073
2015,6,14,7,6527
2015,6,14,8,6338
2015,6,14,9,5492
2015,6,14,10,4286
2015,6,14,11,2879
2015,6,14,12,1686
2015,6,14,13,876
2015,6,14,14,800
2015,6,14,15,1269
2015,6,14,16,2277
2015,6,14,17,3467
2015,6,14,18,4560
2015,6,14,19,5362
2015,6,14,20,5677
2015,6,14,21,5504
2015,6,14,22,4775
2015,6,14,23,3828
2015,6,15,0,2851
2015,6,15,1,2189
2015,6,15,2,1979
2015,6,15,3,2366
2015,6,15,4,3242
2015,6,15,5,4438
2015,6,15,6,5594
2015,6,15,7,6434
2015,6,15,8,6735
2015,6,15,9,6379
2015,6,15,10,5406
2015,6,15,11,4079
2015,6,15,12,2623
2015,6,15,13,1435
2015,6,15,14,671
2015,6,15,15,689
2015,6,15,16,1272
2015,6,15,17,2376
2015,6,15,18,3683
2015,6,15,19,4841
2015,6,15,20,5665
2015,6,15,21,5908
2015,6,15,22,5620
2015,6,15,23,4744
2015,6,16,0,3709
2015,6,16,1,2695
2015,6,16,2,2088
2015,6,16,3,1991
2015,6,16,4,2498
2015,6,16,5,3514
2015,6,16,6,4738
2015,6,16,7,5871
2015,6,16,8,6610
2015,6,16,9,6759
2015,6,16,10,6219
2015,6,16,11,5108
2015,6,16,12,3659
2015,6,16,13,2239
2015,6,16,14,1059
2015,6,16,15,496
2015,6,16,16,614
2015,6,16,17,1413
2015,6,16,18,2609
2015,6,16,19,3960
2015,6,16,20,5126
2015,6,16,21,5828
2015,6,16,22,5980
2015,6,16,23,5520
2015,6,17,0,4505
2015,6,17,1,3430
2015,6,17,2,2464
2015,6,17,3,1966
2015,6,17,4,2036
2015,6,17,5,2698
2015,6,17,6,3822
2015,6,17,7,5050
2015,6,17,8,6093
2015,6,17,9,6674
2015,6,17,10,6631
2015,6,17,11,5872
2015,6,17,12,4678
2015,6,17,13,3225
2015,6,17,14,1850
2015,6,17,15,829
2015,6,17,16,450
2015,6,17,17,762
2015,6,17,18,1743
2015,6,17,19,3012
2015,6,17,20,4385
2015,6,17,21,5447
2015,6,17,22,6000
2015,6,17,23,5941
2015,6,18,0,5288
2015,6,18,1,4237
2015,6,18,2,3123
2015,6,18,3,2307
2015,6,18,4,1944
2015,6,18,5,2234
2015,6,18,6,3048
2015,6,18,7,4243
2015,6,18,8,5375
2015,6,18,9,6283
2015,6,18,10,6602
2015,6,18,11,6395
2015,6,18,12,5505
2015,6,18,13,4273
2015,6,18,14,2862
2015,6,18,15,1624
2015,6,18,16,767
2015,6,18,17,630
2015,6,18,18,1137
2015,6,18,19,2227
2015,6,18,20,3580
2015,6,18,21,4840
2015,6,18,22,5752
2015,6,18,23,6070
2015,6,19,0,5808
2015,6,19,1,4927
2015,6,19,2,3893
2015,6,19,3,2834
2015,6,19,4,2188
2015,6,19,5,2056
2015,6,19,6,2510
2015,6,19,7,3433
2015,6,19,8,4568
2015,6,19,9,5577
2015,6,19,10,6286
2015,6,19,11,6424
2015,6,19,12,5970
2015,6,19,13,5018
2015,6,19,14,3725
2015,6,19,15,2416
2015,6,19,16,1356
2015,6,19,17,779
2015,6,19,18,901
2015,6,19,19,1603
2015,6,19,20,2736
2015,6,19,21,4027
2015,6,19,22,5117
2015,6,19,23,5778
2015,6,20,0,5883
2015,6,20,1,5452
2015,6,20,2,4534
2015,6,20,3,3527
2015,6,20,4,2665
2015,6,20,5,2205
2015,6,20,6,2262
2015,6,20,7,2798
2015,6,20,8,3733
2015,6,20,9,4704
2015,6,20,10,5586
2015,6,20,11,6047
2015,6,20,12,6022
2015,6,20,13,5447
2015,6,20,14,4473
2015,6,20,15,3259
2015,6,20,16,2132
2015,6,20,17,1265
2015,6,20,18,976
2015,6,20,19,1284
2015,6,20,20,2138
2015,6,20,21,3281
2015,6,20,22,4416
2015,6,20,23,5303
2015,6,21,0,5693
2015,6,21,1,5643
2015,6,21,2,5046
2015,6,21,3,4221
2015,6,21,4,3296
2015,6,21,5,2636
2015,6,21,6,2320
2015,6,21,7,2515
2015,6,21,8,3069
2015,6,21,9,3949
2015,6,21,10,4807
2015,6,21,11,5498
2015,6,21,12,5783
2015,6,21,13,5649
2015,6,21,14,4996
2015,6,21,15,4067
2015,6,21,16,2988
2015,6,21,17,2060
2015,6,21,18,1408
2015,6,21,19,1371
2015,6,21,20,1826
2015,6,21,21,2690
2015,6,21,22,3791
2015,6,21,23,4766
2015,6,22,0,5468
2015,6,22,1,5693
2015,6,22,2,5494
2015,6,22,3,4783
2015,6,22,4,3989
2015,6,22,5,3200
2015,6,22,6,2690
2015,6,22,7,2546
2015,6,22,8,2779
2015,6,22,9,3366
2015,6,22,10,4076
2015,6,22,11,4802
2015,6,22,12,5293
2015,6,22,13,5448
2015,6,22,14,5197
2015,6,22,15,4577
2015,6,22,16,3726
2015,6,22,17,2829
2015,6,22,18,2103
2015,6,22,19,1685
2015,6,22,20,1777
2015,6,22,21,2289
2015,6,22,22,3164
2015,6,22,23,4100
2015,6,23,0,4912
2015,6,23,1,5402
2015,6,23,2,5515
2015,6,23,3,5197
2015,6,23,4,4549
2015,6,23,5,3836
2015,6,23,6,3183
2015,6,23,7,2772
2015,6,23,8,2664
2015,6,23,9,2894
2015,6,23,10,3396
2015,6,23,11,4025
2015,6,23,12,4597
2015,6,23,13,5018
2015,6,23,14,5116
2015,6,23,15,4863
2015,6,23,16,4283
2015,6,23,17,3527
2015,6,23,18,2800
2015,6,23,19,2215
2015,6,23,20,2010
2015,6,23,21,2198
2015,6,23,22,2760
2015,6,23,23,3550
2015,6,24,0,4358
2015,6,24,1,5040
2015,6,24,2,5374
2015,6,24,3,5408
2015,6,24,4,5039
2015,6,24,5,4474
2015,6,24,6,3821
2015,6,24,7,3249
2015,6,24,8,2851
2015,6,24,9,2772
2015,6,24,10,2950
2015,6,24,11,3391
2015,6,24,12,3962
2015,6,24,13,4452
2015,6,24,14,4839
2015,6,24,15,4929
2015,6,24,16,4703
2015,6,24,17,4230
2015,6,24,18,3584
2015,6,24,19,2982
2015,6,24,20,2494
2015,6,24,21,2408
2015,6,24,22,2605
2015,6,24,23,3147
2015,6,25,0,3835
2015,6,25,1,4545
2015,6,25,2,5087
2015,6,25,3,5430
2015,6,25,4,5393
2015,6,25,5,5041
2015,6,25,6,4517
2015,6,25,7,3863
2015,6,25,8,3274
2015,6,25,9,2856
2015,6,25,10,2706
2015,6,25,11,2854
2015,6,25,12,3292
2015,6,25,13,3802
2015,6,25,14,4369
2015,6,25,15,4740
2015,6,25,16,4882
2015,6,25,17,4695
2015,6,25,18,4240
2015,6,25,19,3661
2015,6,25,20,3121
2015,6,25,21,2748
2015,6,25,22,2684
2015,6,25,23,2888
2015,6,26,0,3355
2015,6,26,1,3971
2015,6,26,2,4624
2015,6,26,3,5136
2015,6,26,4,5430
2015,6,26,5,5413
2015,6,26,6,5043
2015,6,26,7,4450
2015,6,26,8,3718
2015,6,26,9,3051
2015,6,26,10,2554
2015,6,26,11,2354
2015,6,26,12,2529
2015,6,26,13,2967
2015,6,26,14,3557
2015,6,26,15,4164
2015,6,26,16,4557
2015,6,26,17,4719
2015,6,26,18,4545
2015,6,26,19,4172
2015,6,26,20,3629
2015,6,26,21,3119
2015,6,26,22,2764
2015,6,26,23,2645
2015,6,27,0,2842
2015,6,27,1,3354
2015,6,27,2,3979
2015,6,27,3,4684
2015,6,27,4,5250
2015,6,27,5,5578
2015,6,27,6,5522
2015,6,27,7,5118
2015,6,27,8,4428
2015,6,27,9,3577
2015,6,27,10,2819
2015,6,27,11,2266
2015,6,27,12,2104
2015,6,27,13,2300
2015,6,27,14,2806
2015,6,27,15,3504
2015,6,27,16,4145
2015,6,27,17,4635
2015,6,27,18,4845
2015,6,27,19,4731
2015,6,27,20,4323
2015,6,27,21,3769
2015,6,27,22,3137
2015,6,27,23,2767
2015,6,28,0,2624
2015,6,28,1,2867
2015,6,28,2,3454
2015,6,28,3,4182
2015,6,28,4,4912
2015,6,28,5,5544
2015,6,28,6,5804
2015,6,28,7,5658
2015,6,28,8,5084
2015,6,28,9,4251
2015,6,28,10,3295
2015,6,28,11,2465
2015,6,28,12,1936
2015,6,28,13,1769
2015,6,28,14,2105
2015,6,28,15,2671
2015,6,28,16,3508
2015,6,28,17,4239
2015,6,28,18,4825
2015,6,28,19,5089
2015,6,28,20,4959
2015,6,28,21,4474
2015,6,28,22,3818
2015,6,28,23,3101
2015,6,29,0,2692
2015,6,29,1,2547
2015,6,29,2,2899
2015,6,29,3,3607
2015,6,29,4,4440
2015,6,29,5,5305
2015,6,29,6,5896
2015,6,29,7,6102
2015,6,29,8,5784
2015,6,29,9,5043
2015,6,29,10,4029
2015,6,29,11,2935
2015,6,29,12,2064
2015,6,29,13,1511
2015,6,29,14,1512
2015,6,29,15,1924
2015,6,29,16,2719
2015,6,29,17,3660
2015,6,29,18,4511
2015,6,29,19,5129
2015,6,29,20,5317
2015,6,29,21,5136
2015,6,29,22,4486
2015,6,29,23,3685
2015,6,30,0,2904
2015,6,30,1,2433
2015,6,30,2,2401
2015,6,30,3,2845
2015,6,30,4,3716
2015,6,30,5,4697
2015,6,30,6,5615
2015,6,30,7,6171
2015,6,30,8,6236
2015,6,30,9,5730
2015,6,30,10,4792
2015,6,30,11,3588
2015,6,30,12,2393
2015,6,30,13,1448
2015,6,30,14,1017
2015,6,30,15,1138
2015,6,30,16,1798
2015,6,30,17,2747
2015,6,30,18,3833
2015,6,30,19,4752
2015,6,30,20,5359
2015,6,30,21,5493
2015,6,30,22,5137
2015,6,30,23,4319
2015,7,1,0,3404
2015,7,1,1,2558
2015,7,1,2,2132
2015,7,1,3,2212
2015,7,1,4,2825
2015,7,1,5,3900
2015,7,1,6,5021
2015,7,1,7,5982
2015,7,1,8,6423
2015,7,1,9,6340
2015,7,1,10,5538
2015,7,1,11,4427
2015,7,1,12,3063
2015,7,1,13,1850
2015,7,1,14,976
2015,7,1,15,693
2015,7,1,16,1018
2015,7,1,17,1869
2015,7,1,18,3033
2015,7,1,19,4214
2015,7,1,20,5199
2015,7,1,21,5711
2015,7,1,22,5708
2015,7,1,23,5124
2015,7,2,0,4125
2015,7,2,1,3093
2015,7,2,2,2282
2015,7,2,3,1976
2015,7,2,4,2265
2015,7,2,5,3135
2015,7,2,6,4305
2015,7,2,7,5534
2015,7,2,8,6383
2015,7,2,9,6735
2015,7,2,10,6385
2015,7,2,11,5413
2015,7,2,12,4088
2015,7,2,13,2643
2015,7,2,14,1398
2015,7,2,15,588
2015,7,2,16,531
2015,7,2,17,1047
2015,7,2,18,2128
2015,7,2,19,3448
2015,7,2,20,4694
2015,7,2,21,5636
2015,7,2,22,5985
2015,7,2,23,5751
2015,7,3,0,4883
2015,7,3,1,3798
2015,7,3,2,2699
2015,7,3,3,1963
2015,7,3,4,1796
2015,7,3,5,2311
2015,7,3,6,3304
2015,7,3,7,4634
2015,7,3,8,5806
2015,7,3,9,6589
2015,7,3,10,6728
2015,7,3,11,6175
2015,7,3,12,5048
2015,7,3,13,3618
2015,7,3,14,2160
2015,7,3,15,979
2015,7,3,16,344
2015,7,3,17,445
2015,7,3,18,1213
2015,7,3,19,2452
2015,7,3,20,3885
2015,7,3,21,5163
2015,7,3,22,5956
2015,7,3,23,6127
2015,7,4,0,5681
2015,7,4,1,4612
2015,7,4,2,3467
2015,7,4,3,2364
2015,7,4,4,1773
2015,7,4,5,1769
2015,7,4,6,2480
2015,7,4,7,3634
2015,7,4,8,4942
2015,7,4,9,6059
2015,7,4,10,6658
2015,7,4,11,6634
2015,7,4,12,5876
2015,7,4,13,4678
2015,7,4,14,3214
2015,7,4,15,1843
2015,7,4,16,756
2015,7,4,17,363
2015,7,4,18,658
2015,7,4,19,1585
2015,7,4,20,2945
2015,7,4,21,4367
2015,7,4,22,5546
2015,7,4,23,6165
2015,7,5,0,6136
2015,7,5,1,5488
2015,7,5,2,4348
2015,7,5,3,3142
2015,7,5,4,2144
2015,7,5,5,1664
2015,7,5,6,1847
2015,7,5,7,2658
2015,7,5,8,3885
2015,7,5,9,5123
2015,7,5,10,6104
2015,7,5,11,6566
2015,7,5,12,6397
2015,7,5,13,5547
2015,7,5,14,4344
2015,7,5,15,2904
2015,7,5,16,1644
2015,7,5,17,714
2015,7,5,18,532
2015,7,5,19,1011
2015,7,5,20,2082
2015,7,5,21,3521
2015,7,5,22,4848
2015,7,5,23,5881
2015,7,6,0,6274
2015,7,6,1,6107
2015,7,6,2,5262
2015,7,6,3,4156
2015,7,6,4,2983
2015,7,6,5,2142
2015,7,6,6,1772
2015,7,6,7,2070
2015,7,6,8,2835
2015,7,6,9,4011
2015,7,6,10,5111
2015,7,6,11,5971
2015,7,6,12,6321
2015,7,6,13,6088
2015,7,6,14,5222
2015,7,6,15,4042
2015,7,6,16,2703
2015,7,6,17,1573
2015,7,6,18,873
2015,7,6,19,871
2015,7,6,20,1511
2015,7,6,21,2617
2015,7,6,22,3962
2015,7,6,23,5158
2015,7,7,0,5984
2015,7,7,1,6225
2015,7,7,2,5954
2015,7,7,3,5032
2015,7,7,4,3976
2015,7,7,5,2910
2015,7,7,6,2130
2015,7,7,7,1816
2015,7,7,8,2078
2015,7,7,9,2832
2015,7,7,10,3899
2015,7,7,11,4940
2015,7,7,12,5701
2015,7,7,13,5974
2015,7,7,14,5699
2015,7,7,15,4853
2015,7,7,16,3803
2015,7,7,17,2612
2015,7,7,18,1704
2015,7,7,19,1170
2015,7,7,20,1299
2015,7,7,21,1955
2015,7,7,22,3042
2015,7,7,23,4225
2015,7,8,0,5308
2015,7,8,1,5982
2015,7,8,2,6178
2015,7,8,3,5804
2015,7,8,4,4937
2015,7,8,5,3935
2015,7,8,6,2902
2015,7,8,7,2217
2015,7,8,8,1882
2015,7,8,9,2157
2015,7,8,10,2789
2015,7,8,11,3779
2015,7,8,12,4661
2015,7,8,13,5371
2015,7,8,14,5630
2015,7,8,15,5417
2015,7,8,16,4694
2015,7,8,17,3752
2015,7,8,18,2737
2015,7,8,19,1978
2015,7,8,20,1595
2015,7,8,21,1828
2015,7,8,22,2432
2015,7,8,23,3456
2015,7,9,0,4478
2015,7,9,1,5375
2015,7,9,2,5952
2015,7,9,3,6072
2015,7,9,4,5705
2015,7,9,5,4965
2015,7,9,6,4010
2015,7,9,7,3066
2015,7,9,8,2311
2015,7,9,9,1961
2015,7,9,10,2068
2015,7,9,11,2650
2015,7,9,12,3504
2015,7,9,13,4415
2015,7,9,14,5092
2015,7,9,15,5373
2015,7,9,16,5237
2015,7,9,17,4615
2015,7,9,18,3841
2015,7,9,19,3009
2015,7,9,20,2369
2015,7,9,21,2095
2015,7,9,22,2260
2015,7,9,23,2797
2015,7,10,0,3665
2015,7,10,1,4576
2015,7,10,2,5415
2015,7,10,3,5977
2015,7,10,4,6120
2015,7,10,5,5824
2015,7,10,6,5102
2015,7,10,7,4172
2015,7,10,8,3177
2015,7,10,9,2390
2015,7,10,10,1936
2015,7,10,11,1987
2015,7,10,12,2438
2015,7,10,13,3264
2015,7,10,14,4123
2015,7,10,15,4851
2015,7,10,16,5243
2015,7,10,17,5205
2015,7,10,18,4798
2015,7,10,19,4042
2015,7,10,20,3359
2015,7,10,21,2730
2015,7,10,22,2458
2015,7,10,23,2545
2015,7,11,0,3006
2015,7,11,1,3740
2015,7,11,2,4593
2015,7,11,3,5370
2015,7,11,4,5965
2015,7,11,5,6173
2015,7,11,6,5919
2015,7,11,7,5231
2015,7,11,8,4266
2015,7,11,9,3189
2015,7,11,10,2315
2015,7,11,11,1754
2015,7,11,12,1745
2015,7,11,13,2187
2015,7,11,14,3017
2015,7,11,15,3916
2015,7,11,16,4729
2015,7,11,17,5210
2015,7,11,18,5280
2015,7,11,19,4995
2015,7,11,20,4359
2015,7,11,21,3674
2015,7,11,22,3051
2015,7,11,23,2671
2015,7,12,0,2647
2015,7,12,1,3018
2015,7,12,2,3722
2015,7,12,3,4596
2015,7,12,4,5471
2015,7,12,5,6115
2015,7,12,6,6350
2015,7,12,7,6101
2015,7,12,8,5347
2015,7,12,9,4290
2015,7,12,10,3114
2015,7,12,11,2111
2015,7,12,12,1474
2015,7,12,13,1458
2015,7,12,14,1926
2015,7,12,15,2811
2015,7,12,16,3824
2015,7,12,17,4720
2015,7,12,18,5280
2015,7,12,19,5418
2015,7,12,20,5194
2015,7,12,21,4552
2015,7,12,22,3832
2015,7,12,23,3112
2015,7,13,0,2679
2015,7,13,1,2572
2015,7,13,2,2944
2015,7,13,3,3685
2015,7,13,4,4611
2015,7,13,5,5565
2015,7,13,6,6251
2015,7,13,7,6483
2015,7,13,8,6152
2015,7,13,9,5296
2015,7,13,10,4101
2015,7,13,11,2846
2015,7,13,12,1778
2015,7,13,13,1158
2015,7,13,14,1191
2015,7,13,15,1760
2015,7,13,16,2721
2015,7,13,17,3850
2015,7,13,18,4808
2015,7,13,19,5414
2015,7,13,20,5598
2015,7,13,21,5344
2015,7,13,22,4620
2015,7,13,23,3797
2015,7,14,0,2973
2015,7,14,1,2463
2015,7,14,2,2402
2015,7,14,3,2850
2015,7,14,4,3709
2015,7,14,5,4778
2015,7,14,6,5753
2015,7,14,7,6437
2015,7,14,8,6551
2015,7,14,9,6079
2015,7,14,10,5069
2015,7,14,11,3803
2015,7,14,12,2491
2015,7,14,13,1443
2015,7,14,14,927
2015,7,14,15,1054
2015,7,14,16,1743
2015,7,14,17,2816
2015,7,14,18,3993
2015,7,14,19,5024
2015,7,14,20,5672
2015,7,14,21,5814
2015,7,14,22,5461
2015,7,14,23,4582
2015,7,15,0,3652
2015,7,15,1,2732
2015,7,15,2,2317
2015,7,15,3,2313
2015,7,15,4,2944
2015,7,15,5,3945
2015,7,15,6,5104
2015,7,15,7,6051
2015,7,15,8,6613
2015,7,15,9,6581
2015,7,15,10,5877
2015,7,15,11,4789
2015,7,15,12,3416
2015,7,15,13,2143
2015,7,15,14,1152
2015,7,15,15,783
2015,7,15,16,1083
2015,7,15,17,1888
2015,7,15,18,3101
2015,7,15,19,4331
2015,7,15,20,5334
2015,7,15,21,5892
2015,7,15,22,5880
2015,7,15,23,5280
2015,7,16,0,4292
2015,7,16,1,3243
2015,7,16,2,2383
2015,7,16,3,2043
2015,7,16,4,2244
2015,7,16,5,3022
2015,7,16,6,4157
2015,7,16,7,5313
2015,7,16,8,6190
2015,7,16,9,6598
2015,7,16,10,6365
2015,7,16,11,5502
2015,7,16,12,4272
2015,7,16,13,2887
2015,7,16,14,1656
2015,7,16,15,829
2015,7,16,16,694
2015,7,16,17,1133
2015,7,16,18,2175
2015,7,16,19,3495
2015,7,16,20,4720
2015,7,16,21,5627
2015,7,16,22,5968
2015,7,16,23,5768
2015,7,17,0,4893
2015,7,17,1,3837
2015,7,17,2,2770
2015,7,17,3,2045
2015,7,17,4,1882
2015,7,17,5,2340
2015,7,17,6,3230
2015,7,17,7,4413
2015,7,17,8,5491
2015,7,17,9,6241
2015,7,17,10,6422
2015,7,17,11,5978
2015,7,17,12,4982
2015,7,17,13,3688
2015,7,17,14,2347
2015,7,17,15,1268
2015,7,17,16,651
2015,7,17,17,788
2015,7,17,18,1459
2015,7,17,19,2651
2015,7,17,20,3952
2015,7,17,21,5127
2015,7,17,22,5770
2015,7,17,23,5910
2015,7,18,0,5427
2015,7,18,1,4403
2015,7,18,2,3378
2015,7,18,3,2412
2015,7,18,4,1900
2015,7,18,5,1916
2015,7,18,6,2561
2015,7,18,7,3574
2015,7,18,8,4727
2015,7,18,9,5691
2015,7,18,10,6227
2015,7,18,11,6191
2015,7,18,12,5536
2015,7,18,13,4486
2015,7,18,14,3190
2015,7,18,15,1989
2015,7,18,16,1105
2015,7,18,17,813
2015,7,18,18,1162
2015,7,18,19,2055
2015,7,18,20,3311
2015,7,18,21,4530
2015,7,18,22,5519
2015,7,18,23,5927
2015,7,19,0,5818
2015,7,19,1,5071
2015,7,19,2,4058
2015,7,19,3,2994
2015,7,19,4,2188
2015,7,19,5,1882
2015,7,19,6,2154
2015,7,19,7,2925
2015,7,19,8,4011
2015,7,19,9,5060
2015,7,19,10,5820
2015,7,19,11,6089
2015,7,19,12,5827
2015,7,19,13,5008
2015,7,19,14,3940
2015,7,19,15,2736
2015,7,19,16,1743
2015,7,19,17,1106
2015,7,19,18,1118
2015,7,19,19,1687
2015,7,19,20,2702
2015,7,19,21,3962
2015,7,19,22,5068
2015,7,19,23,5772
2015,7,20,0,5957
2015,7,20,1,5591
2015,7,20,2,4657
2015,7,20,3,3680
2015,7,20,4,2765
2015,7,20,5,2187
2015,7,20,6,2153
2015,7,20,7,2587
2015,7,20,8,3394
2015,7,20,9,4395
2015,7,20,10,5216
2015,7,20,11,5783
2015,7,20,12,5875
2015,7,20,13,5461
2015,7,20,14,4638
2015,7,20,15,3599
2015,7,20,16,2523
2015,7,20,17,1721
2015,7,20,18,1350
2015,7,20,19,1626
2015,7,20,20,2326
2015,7,20,21,3454
2015,7,20,22,4540
2015,7,20,23,5444
2015,7,21,0,5894
2015,7,21,1,5813
2015,7,21,2,5211
2015,7,21,3,4309
2015,7,21,4,3364
2015,7,21,5,2603
2015,7,21,6,2230
2015,7,21,7,2357
2015,7,21,8,2863
2015,7,21,9,3703
2015,7,21,10,4531
2015,7,21,11,5175
2015,7,21,12,5519
2015,7,21,13,5461
2015,7,21,14,4919
2015,7,21,15,4147
2015,7,21,16,3200
2015,7,21,17,2354
2015,7,21,18,1796
2015,7,21,19,1696
2015,7,21,20,2106
2015,7,21,21,2864
2015,7,21,22,3904
2015,7,21,23,4835
2015,7,22,0,5518
2015,7,22,1,5751
2015,7,22,2,5507
2015,7,22,3,4823
2015,7,22,4,3956
2015,7,22,5,3143
2015,7,22,6,2558
2015,7,22,7,2348
2015,7,22,8,2541
2015,7,22,9,3055
2015,7,22,10,3805
2015,7,22,11,4487
2015,7,22,12,5027
2015,7,22,13,5248
2015,7,22,14,5064
2015,7,22,15,4575
2015,7,22,16,3822
2015,7,22,17,3033
2015,7,22,18,2335
2015,7,22,19,2023
2015,7,22,20,2076
2015,7,22,21,2607
2015,7,22,22,3473
2015,7,22,23,4339
2015,7,23,0,5118
2015,7,23,1,5546
2015,7,23,2,5590
2015,7,23,3,5211
2015,7,23,4,4573
2015,7,23,5,3811
2015,7,23,6,3111
2015,7,23,7,2701
2015,7,23,8,2519
2015,7,23,9,2732
2015,7,23,10,3201
2015,7,23,11,3814
2015,7,23,12,4423
2015,7,23,13,4897
2015,7,23,14,5011
2015,7,23,15,4885
2015,7,23,16,4407
2015,7,23,17,3726
2015,7,23,18,3076
2015,7,23,19,2538
2015,7,23,20,2390
2015,7,23,21,2612
2015,7,23,22,3185
2015,7,23,23,3950
2015,7,24,0,4696
2015,7,24,1,5269
2015,7,24,2,5563
2015,7,24,3,5505
2015,7,24,4,5084
2015,7,24,5,4513
2015,7,24,6,3825
2015,7,24,7,3185
2015,7,24,8,2762
2015,7,24,9,2597
2015,7,24,10,2730
2015,7,24,11,3170
2015,7,24,12,3720
2015,7,24,13,4303
2015,7,24,14,4702
2015,7,24,15,4867
2015,7,24,16,4712
2015,7,24,17,4255
2015,7,24,18,3727
2015,7,24,19,3141
2015,7,24,20,2825
2015,7,24,21,2726
2015,7,24,22,3005
2015,7,24,23,3488
2015,7,25,0,4158
2015,7,25,1,4766
2015,7,25,2,5280
2015,7,25,3,5500
2015,7,25,4,5457
2015,7,25,5,5083
2015,7,25,6,4536
2015,7,25,7,3848
2015,7,25,8,3219
2015,7,25,9,2734
2015,7,25,10,2506
2015,7,25,11,2625
2015,7,25,12,2995
2015,7,25,13,3562
2015,7,25,14,4124
2015,7,25,15,4551
2015,7,25,16,4745
2015,7,25,17,4642
2015,7,25,18,4282
2015,7,25,19,3822
2015,7,25,20,3309
2015,7,25,21,2980
2015,7,25,22,2890
2015,7,25,23,3079
2015,7,26,0,3538
2015,7,26,1,4117
2015,7,26,2,4726
2015,7,26,3,5235
2015,7,26,4,5500
2015,7,26,5,5482
2015,7,26,6,5120
2015,7,26,7,4507
2015,7,26,8,3750
2015,7,26,9,3031
2015,7,26,10,2501
2015,7,26,11,2254
2015,7,26,12,2369
2015,7,26,13,2751
2015,7,26,14,3383
2015,7,26,15,3979
2015,7,26,16,4511
2015,7,26,17,4750
2015,7,26,18,4752
2015,7,26,19,4440
2015,7,26,20,3974
2015,7,26,21,3474
2015,7,26,22,3070
2015,7,26,23,2927
2015,7,27,0,3045
2015,7,27,1,3491
2015,7,27,2,4089
2015,7,27,3,4781
2015,7,27,4,5345
2015,7,27,5,5690
2015,7,27,6,5659
2015,7,27,7,5236
2015,7,27,8,4509
2015,7,27,9,3646
2015,7,27,10,2793
2015,7,27,11,2183
2015,7,27,12,1900
2015,7,27,13,2007
2015,7,27,14,2484
2015,7,27,15,3216
2015,7,27,16,3950
2015,7,27,17,4608
2015,7,27,18,4948
2015,7,27,19,4975
2015,7,27,20,4666
2015,7,27,21,4151
2015,7,27,22,3534
2015,7,27,23,3013
2015,7,28,0,2805
2015,7,28,1,2899
2015,7,28,2,3406
2015,7,28,3,4129
2015,7,28,4,4955
2015,7,28,5,5621
2015,7,28,6,5982
2015,7,28,7,5927
2015,7,28,8,5414
2015,7,28,9,4544
2015,7,28,10,3514
2015,7,28,11,2510
2015,7,28,12,1757
2015,7,28,13,1479
2015,7,28,14,1698
2015,7,28,15,2284
2015,7,28,16,3209
2015,7,28,17,4077
2015,7,28,18,4835
2015,7,28,19,5244
2015,7,28,20,5234
2015,7,28,21,4844
2015,7,28,22,4125
2015,7,28,23,3371
2015,7,29,0,2744
2015,7,29,1,2501
2015,7,29,2,2664
2015,7,29,3,3302
2015,7,29,4,4182
2015,7,29,5,5161
2015,7,29,6,5898
2015,7,29,7,6296
2015,7,29,8,6101
2015,7,29,9,5364
2015,7,29,10,4301
2015,7,29,11,3074
2015,7,29,12,1980
2015,7,29,13,1244
2015,7,29,14,1050
2015,7,29,15,1398
2015,7,29,16,2219
2015,7,29,17,3325
2015,7,29,18,4357
2015,7,29,19,5184
2015,7,29,20,5566
2015,7,29,21,5479
2015,7,29,22,4866
2015,7,29,23,4012
2015,7,30,0,3073
2015,7,30,1,2381
2015,7,30,2,2152
2015,7,30,3,2449
2015,7,30,4,3264
2015,7,30,5,4410
2015,7,30,6,5483
2015,7,30,7,6304
2015,7,30,8,6581
2015,7,30,9,6274
2015,7,30,10,5317
2015,7,30,11,4080
2015,7,30,12,2673
2015,7,30,13,1533
2015,7,30,14,788
2015,7,30,15,756
2015,7,30,16,1323
2015,7,30,17,2362
2015,7,30,18,3644
2015,7,30,19,4828
2015,7,30,20,5674
2015,7,30,21,5953
2015,7,30,22,5698
2015,7,30,23,4833
2015,7,31,0,3795
2015,7,31,1,2728
2015,7,31,2,2074
2015,7,31,3,1909
2015,7,31,4,2426
2015,7,31,5,3424
2015,7,31,6,4685
2015,7,31,7,5907
2015,7,31,8,6664
2015,7,31,9,6887
2015,7,31,10,6350
2015,7,31,11,5215
2015,7,31,12,3750
2015,7,31,13,2267
2015,7,31,14,1094
2015,7,31,15,469
2015,7,31,16,669
2015,7,31,17,1430
2015,7,31,18,2712
2015,7,31,19,4113
2015,7,31,20,5359
2015,7,31,21,6099
2015,7,31,22,6273
2015,7,31,23,5765
2015,8,1,0,4688
2015,8,1,1,3451
2015,8,1,2,2301
2015,8,1,3,1619
2015,8,1,4,1622
2015,8,1,5,2376
2015,8,1,6,3570
2015,8,1,7,5001
2015,8,1,8,6228
2015,8,1,9,6928
2015,8,1,10,6916
2015,8,1,11,6127
2015,8,1,12,4848
2015,8,1,13,3273
2015,8,1,14,1813
2015,8,1,15,704
2015,8,1,16,283
2015,8,1,17,676
2015,8,1,18,1662
2015,8,1,19,3087
2015,8,1,20,4588
2015,8,1,21,5792
2015,8,1,22,6411
2015,8,1,23,6395
2015,8,2,0,5607
2015,8,2,1,4383
2015,8,2,2,3025
2015,8,2,3,1915
2015,8,2,4,1316
2015,8,2,5,1532
2015,8,2,6,2420
2015,8,2,7,3804
2015,8,2,8,5238
2015,8,2,9,6380
2015,8,2,10,6945
2015,8,2,11,6836
2015,8,2,12,5886
2015,8,2,13,4526
2015,8,2,14,2925
2015,8,2,15,1511
2015,8,2,16,518
2015,8,2,17,332
2015,8,2,18,898
2015,8,2,19,2133
2015,8,2,20,3666
2015,8,2,21,5191
2015,8,2,22,6271
2015,8,2,23,6694
2015,8,3,0,6419
2015,8,3,1,5362
2015,8,3,2,4048
2015,8,3,3,2656
2015,8,3,4,1599
2015,8,3,5,1186
2015,8,3,6,1567
2015,8,3,7,2600
2015,8,3,8,4020
2015,8,3,9,5395
2015,8,3,10,6427
2015,8,3,11,6795
2015,8,3,12,6506
2015,8,3,13,5455
2015,8,3,14,4088
2015,8,3,15,2574
2015,8,3,16,1290
2015,8,3,17,556
2015,8,3,18,621
2015,8,3,19,1382
2015,8,3,20,2711
2015,8,3,21,4291
2015,8,3,22,5649
2015,8,3,23,6520
2015,8,4,0,6751
2015,8,4,1,6216
2015,8,4,2,5051
2015,8,4,3,3706
2015,8,4,4,2356
2015,8,4,5,1487
2015,8,4,6,1237
2015,8,4,7,1762
2015,8,4,8,2768
2015,8,4,9,4165
2015,8,4,10,5376
2015,8,4,11,6255
2015,8,4,12,6488
2015,8,4,13,6115
2015,8,4,14,5077
2015,8,4,15,3781
2015,8,4,16,2399
2015,8,4,17,1341
2015,8,4,18,827
2015,8,4,19,1099
2015,8,4,20,1974
2015,8,4,21,3320
2015,8,4,22,4758
2015,8,4,23,5957
2015,8,5,0,6600
2015,8,5,1,6611
2015,8,5,2,5919
2015,8,5,3,4770
2015,8,5,4,3461
2015,8,5,5,2291
2015,8,5,6,1527
2015,8,5,7,1401
2015,8,5,8,1919
2015,8,5,9,2880
2015,8,5,10,4126
2015,8,5,11,5184
2015,8,5,12,5902
2015,8,5,13,6046
2015,8,5,14,5653
2015,8,5,15,4704
2015,8,5,16,3528
2015,8,5,17,2375
2015,8,5,18,1517
2015,8,5,19,1246
2015,8,5,20,1631
2015,8,5,21,2543
2015,8,5,22,3827
2015,8,5,23,5002
2015,8,6,0,5974
2015,8,6,1,6400
2015,8,6,2,6309
2015,8,6,3,5580
2015,8,6,4,4556
2015,8,6,5,3382
2015,8,6,6,2373
2015,8,6,7,1726
2015,8,6,8,1615
2015,8,6,9,2060
2015,8,6,10,2878
2015,8,6,11,3975
2015,8,6,12,4890
2015,8,6,13,5530
2015,8,6,14,5664
2015,8,6,15,5326
2015,8,6,16,4512
2015,8,6,17,3526
2015,8,6,18,2590
2015,8,6,19,1973
2015,8,6,20,1851
2015,8,6,21,2271
2015,8,6,22,3100
2015,8,6,23,4171
2015,8,7,0,5181
2015,8,7,1,5922
2015,8,7,2,6247
2015,8,7,3,6099
2015,8,7,4,5421
2015,8,7,5,4538
2015,8,7,6,3481
2015,8,7,7,2591
2015,8,7,8,1956
2015,8,7,9,1835
2015,8,7,10,2143
2015,8,7,11,2846
2015,8,7,12,3760
2015,8,7,13,4594
2015,8,7,14,5168
2015,8,7,15,5360
2015,8,7,16,5109
2015,8,7,17,4470
2015,8,7,18,3704
2015,8,7,19,2950
2015,8,7,20,2460
2015,8,7,21,2390
2015,8,7,22,2700
2015,8,7,23,3375
2015,8,8,0,4224
2015,8,8,1,5013
2015,8,8,2,5685
2015,8,8,3,5968
2015,8,8,4,5920
2015,8,8,5,5416
2015,8,8,6,4621
2015,8,8,7,3670
2015,8,8,8,2760
2015,8,8,9,2093
2015,8,8,10,1845
2015,8,8,11,2037
2015,8,8,12,2617
2015,8,8,13,3453
2015,8,8,14,4266
2015,8,8,15,4873
2015,8,8,16,5125
2015,8,8,17,5029
2015,8,8,18,4538
2015,8,8,19,3933
2015,8,8,20,3297
2015,8,8,21,2889
2015,8,8,22,2734
2015,8,8,23,2942
2015,8,9,0,3450
2015,8,9,1,4147
2015,8,9,2,4859
2015,8,9,3,5501
2015,8,9,4,5874
2015,8,9,5,5924
2015,8,9,6,5522
2015,8,9,7,4791
2015,8,9,8,3835
2015,8,9,9,2900
2015,8,9,10,2152
2015,8,9,11,1798
2015,8,9,12,1885
2015,8,9,13,2400
2015,8,9,14,3197
2015,8,9,15,4022
2015,8,9,16,4704
2015,8,9,17,5037
2015,8,9,18,5054
2015,8,9,19,4701
2015,8,9,20,4173
2015,8,9,21,3565
2015,8,9,22,3097
2015,8,9,23,2827
2015,8,10,0,2896
2015,8,10,1,3265
2015,8,10,2,3905
2015,8,10,3,4659
2015,8,10,4,5343
2015,8,10,5,5843
2015,8,10,6,5957
2015,8,10,7,5609
2015,8,10,8,4889
2015,8,10,9,3887
2015,8,10,10,2829
2015,8,10,11,2015
2015,8,10,12,1554
2015,8,10,13,1616
2015,8,10,14,2155
2015,8,10,15,2982
2015,8,10,16,3916
2015,8,10,17,4664
2015,8,10,18,5150
2015,8,10,19,5226
2015,8,10,20,4965
2015,8,10,21,4373
2015,8,10,22,3706
2015,8,10,23,3081
2015,8,11,0,2713
2015,8,11,1,2713
2015,8,11,2,3047
2015,8,11,3,3757
2015,8,11,4,4589
2015,8,11,5,5413
2015,8,11,6,5984
2015,8,11,7,6115
2015,8,11,8,5707
2015,8,11,9,4904
2015,8,11,10,3781
2015,8,11,11,2660
2015,8,11,12,1748
2015,8,11,13,1269
2015,8,11,14,1442
2015,8,11,15,2029
2015,8,11,16,2997
2015,8,11,17,4021
2015,8,11,18,4841
2015,8,11,19,5371
2015,8,11,20,5429
2015,8,11,21,5129
2015,8,11,22,4415
2015,8,11,23,3623
2015,8,12,0,2917
2015,8,12,1,2480
2015,8,12,2,2471
2015,8,12,3,2930
2015,8,12,4,3775
2015,8,12,5,4747
2015,8,12,6,5649
2015,8,12,7,6186
2015,8,12,8,6239
2015,8,12,9,5700
2015,8,12,10,4764
2015,8,12,11,3488
2015,8,12,12,2350
2015,8,12,13,1403
2015,8,12,14,1088
2015,8,12,15,1344
2015,8,12,16,2121
2015,8,12,17,3222
2015,8,12,18,4370
2015,8,12,19,5224
2015,8,12,20,5706
2015,8,12,21,5658
2015,8,12,22,5153
2015,8,12,23,4268
2015,8,13,0,3364
2015,8,13,1,2590
2015,8,13,2,2235
2015,8,13,3,2383
2015,8,13,4,3001
2015,8,13,5,4002
2015,8,13,6,5042
2015,8,13,7,5895
2015,8,13,8,6339
2015,8,13,9,6242
2015,8,13,10,5515
2015,8,13,11,4437
2015,8,13,12,3137
2015,8,13,13,1952
2015,8,13,14,1124
2015,8,13,15,932
2015,8,13,16,1358
2015,8,13,17,2298
2015,8,13,18,3549
2015,8,13,19,4659
2015,8,13,20,5521
2015,8,13,21,5853
2015,8,13,22,5681
2015,8,13,23,4901
2015,8,14,0,3936
2015,8,14,1,2889
2015,8,14,2,2143
2015,8,14,3,1907
2015,8,14,4,2250
2015,8,14,5,3093
2015,8,14,6,4228
2015,8,14,7,5320
2015,8,14,8,6106
2015,8,14,9,6396
2015,8,14,10,6081
2015,8,14,11,5132
2015,8,14,12,3915
2015,8,14,13,2589
2015,8,14,14,1523
2015,8,14,15,919
2015,8,14,16,1052
2015,8,14,17,1696
2015,8,14,18,2837
2015,8,14,19,4112
2015,8,14,20,5207
2015,8,14,21,5912
2015,8,14,22,6039
2015,8,14,23,5585
2015,8,15,0,4609
2015,8,15,1,3526
2015,8,15,2,2494
2015,8,15,3,1903
2015,8,15,4,1870
2015,8,15,5,2469
2015,8,15,6,3501
2015,8,15,7,4712
2015,8,15,8,5712
2015,8,15,9,6328
2015,8,15,10,6335
2015,8,15,11,5732
2015,8,15,12,4675
2015,8,15,13,3345
2015,8,15,14,2144
2015,8,15,15,1192
2015,8,15,16,905
2015,8,15,17,1247
2015,8,15,18,2122
2015,8,15,19,3404
2015,8,15,20,4638
2015,8,15,21,5593
2015,8,15,22,6044
2015,8,15,23,5862
2015,8,16,0,5072
2015,8,16,1,4007
2015,8,16,2,2851
2015,8,16,3,2016
2015,8,16,4,1628
2015,8,16,5,1933
2015,8,16,6,2702
2015,8,16,7,3887
2015,8,16,8,4968
2015,8,16,9,5829
2015,8,16,10,6171
2015,8,16,11,5987
2015,8,16,12,5125
2015,8,16,13,4028
2015,8,16,14,2738
2015,8,16,15,1650
2015,8,16,16,1016
2015,8,16,17,1008
2015,8,16,18,1658
2015,8,16,19,2697
2015,8,16,20,4051
2015,8,16,21,5151
2015,8,16,22,5882
2015,8,16,23,6005
2015,8,17,0,5559
2015,8,17,1,4547
2015,8,17,2,3444
2015,8,17,3,2400
2015,8,17,4,1770
2015,8,17,5,1633
2015,8,17,6,2203
2015,8,17,7,3118
2015,8,17,8,4293
2015,8,17,9,5283
2015,8,17,10,5930
2015,8,17,11,6037
2015,8,17,12,5555
2015,8,17,13,4608
2015,8,17,14,3393
2015,8,17,15,2296
2015,8,17,16,1416
2015,8,17,17,1144
2015,8,17,18,1443
2015,8,17,19,2308
2015,8,17,20,3475
2015,8,17,21,4647
2015,8,17,22,5569
2015,8,17,23,5967
2015,8,18,0,5815
2015,8,18,1,5049
2015,8,18,2,4038
2015,8,18,3,2913
2015,8,18,4,2054
2015,8,18,5,1662
2015,8,18,6,1834
2015,8,18,7,2507
2015,8,18,8,3521
2015,8,18,9,4561
2015,8,18,10,5409
2015,8,18,11,5789
2015,8,18,12,5696
2015,8,18,13,4978
2015,8,18,14,4020
2015,8,18,15,2925
2015,8,18,16,1977
2015,8,18,17,1454
2015,8,18,18,1430
2015,8,18,19,1979
2015,8,18,20,2948
2015,8,18,21,4120
2015,8,18,22,5160
2015,8,18,23,5821
2015,8,19,0,5932
2015,8,19,1,5522
2015,8,19,2,4575
2015,8,19,3,3541
2015,8,19,4,2561
2015,8,19,5,1952
2015,8,19,6,1822
2015,8,19,7,2214
2015,8,19,8,2964
2015,8,19,9,3947
2015,8,19,10,4808
2015,8,19,11,5435
2015,8,19,12,5601
2015,8,19,13,5317
2015,8,19,14,4568
2015,8,19,15,3611
2015,8,19,16,2667
2015,8,19,17,1920
2015,8,19,18,1672
2015,8,19,19,1898
2015,8,19,20,2623
2015,8,19,21,3663
2015,8,19,22,4690
2015,8,19,23,5460
2015,8,20,0,5828
2015,8,20,1,5680
2015,8,20,2,5018
2015,8,20,3,4160
2015,8,20,4,3147
2015,8,20,5,2424
2015,8,20,6,1963
2015,8,20,7,2061
2015,8,20,8,2473
2015,8,20,9,3295
2015,8,20,10,4101
2015,8,20,11,4860
2015,8,20,12,5249
2015,8,20,13,5274
2015,8,20,14,4852
2015,8,20,15,4145
2015,8,20,16,3293
2015,8,20,17,2563
2015,8,20,18,2086
2015,8,20,19,2048
2015,8,20,20,2463
2015,8,20,21,3246
2015,8,20,22,4175
2015,8,20,23,5004
2015,8,21,0,5586
2015,8,21,1,5703
2015,8,21,2,5371
2015,8,21,3,4676
2015,8,21,4,3794
2015,8,21,5,3001
2015,8,21,6,2393
2015,8,21,7,2139
2015,8,21,8,2275
2015,8,21,9,2714
2015,8,21,10,3454
2015,8,21,11,4090
2015,8,21,12,4695
2015,8,21,13,4947
2015,8,21,14,4903
2015,8,21,15,4449
2015,8,21,16,3858
2015,8,21,17,3132
2015,8,21,18,2574
2015,8,21,19,2316
2015,8,21,20,2411
2015,8,21,21,2925
2015,8,21,22,3666
2015,8,21,23,4438
2015,8,22,0,5117
2015,8,22,1,5456
2015,8,22,2,5446
2015,8,22,3,5048
2015,8,22,4,4400
2015,8,22,5,3663
2015,8,22,6,2993
2015,8,22,7,2481
2015,8,22,8,2319
2015,8,22,9,2445
2015,8,22,10,2880
2015,8,22,11,3464
2015,8,22,12,4060
2015,8,22,13,4537
2015,8,22,14,4755
2015,8,22,15,4731
2015,8,22,16,4397
2015,8,22,17,3900
2015,8,22,18,3310
2015,8,22,19,2896
2015,8,22,20,2724
2015,8,22,21,2854
2015,8,22,22,3302
2015,8,22,23,3916
2015,8,23,0,4560
2015,8,23,1,5082
2015,8,23,2,5386
2015,8,23,3,5332
2015,8,23,4,4971
2015,8,23,5,4398
2015,8,23,6,3679
2015,8,23,7,3037
2015,8,23,8,2559
2015,8,23,9,2323
2015,8,23,10,2433
2015,8,23,11,2759
2015,8,23,12,3295
2015,8,23,13,3834
2015,8,23,14,4293
2015,8,23,15,4576
2015,8,23,16,4613
2015,8,23,17,4327
2015,8,23,18,3946
2015,8,23,19,3434
2015,8,23,20,3048
2015,8,23,21,2907
2015,8,23,22,3004
2015,8,23,23,3379
2015,8,24,0,3947
2015,8,24,1,4490
2015,8,24,2,5042
2015,8,24,3,5301
2015,8,24,4,5301
2015,8,24,5,4988
2015,8,24,6,4460
2015,8,24,7,3767
2015,8,24,8,3123
2015,8,24,9,2549
2015,8,24,10,2261
2015,8,24,11,2260
2015,8,24,12,2524
2015,8,24,13,3073
2015,8,24,14,3631
2015,8,24,15,4191
2015,8,24,16,4568
2015,8,24,17,4662
2015,8,24,18,4512
2015,8,24,19,4120
2015,8,24,20,3659
2015,8,24,21,3244
2015,8,24,22,3000
2015,8,24,23,3027
2015,8,25,0,3310
2015,8,25,1,3843
2015,8,25,2,4447
2015,8,25,3,5005
2015,8,25,4,5359
2015,8,25,5,5444
2015,8,25,6,5170
2015,8,25,7,4619
2015,8,25,8,3878
2015,8,25,9,3078
2015,8,25,10,2384
2015,8,25,11,1971
2015,8,25,12,1874
2015,8,25,13,2182
2015,8,25,14,2787
2015,8,25,15,3519
2015,8,25,16,4231
2015,8,25,17,4730
2015,8,25,18,4907
2015,8,25,19,4781
2015,8,25,20,4324
2015,8,25,21,3752
2015,8,25,22,3194
2015,8,25,23,2842
2015,8,26,0,2794
2015,8,26,1,3079
2015,8,26,2,3665
2015,8,26,3,4402
2015,8,26,4,5064
2015,8,26,5,5593
2015,8,26,6,5721
2015,8,26,7,5458
2015,8,26,8,4819
2015,8,26,9,3893
2015,8,26,10,2942
2015,8,26,11,2090
2015,8,26,12,1583
2015,8,26,13,1510
2015,8,26,14,1920
2015,8,26,15,2661
2015,8,26,16,3622
2015,8,26,17,4457
2015,8,26,18,5071
2015,8,26,19,5312
2015,8,26,20,5135
2015,8,26,21,4555
2015,8,26,22,3790
2015,8,26,23,3063
2015,8,27,0,2556
2015,8,27,1,2499
2015,8,27,2,2803
2015,8,27,3,3540
2015,8,27,4,4423
2015,8,27,5,5321
2015,8,27,6,5940
2015,8,27,7,6139
2015,8,27,8,5799
2015,8,27,9,4956
2015,8,27,10,3835
2015,8,27,11,2653
2015,8,27,12,1697
2015,8,27,13,1138
2015,8,27,14,1193
2015,8,27,15,1750
2015,8,27,16,2718
2015,8,27,17,3880
2015,8,27,18,4880
2015,8,27,19,5590
2015,8,27,20,5751
2015,8,27,21,5490
2015,8,27,22,4623
2015,8,27,23,3663
2015,8,28,0,2731
2015,8,28,1,2162
2015,8,28,2,2081
2015,8,28,3,2596
2015,8,28,4,3560
2015,8,28,5,4738
2015,8,28,6,5772
2015,8,28,7,6479
2015,8,28,8,6622
2015,8,28,9,6103
2015,8,28,10,5053
2015,8,28,11,3725
2015,8,28,12,2412
2015,8,28,13,1355
2015,8,28,14,925
2015,8,28,15,1129
2015,8,28,16,1942
2015,8,28,17,3169
2015,8,28,18,4484
2015,8,28,19,5642
2015,8,28,20,6274
2015,8,28,21,6372
2015,8,28,22,5789
2015,8,28,23,4708
2015,8,29,0,3499
2015,8,29,1,2441
2015,8,29,2,1834
2015,8,29,3,1877
2015,8,29,4,2603
2015,8,29,5,3756
2015,8,29,6,5149
2015,8,29,7,6300
2015,8,29,8,6971
2015,8,29,9,7020
2015,8,29,10,6265
2015,8,29,11,5024
2015,8,29,12,3488
2015,8,29,13,2053
2015,8,29,14,1006
2015,8,29,15,714
2015,8,29,16,1184
2015,8,29,17,2265
2015,8,29,18,3708
2015,8,29,19,5157
2015,8,29,20,6305
2015,8,29,21,6835
2015,8,29,22,6685
2015,8,29,23,5752
2015,8,30,0,4518
2015,8,30,1,3078
2015,8,30,2,1941
2015,8,30,3,1369
2015,8,30,4,1598
2015,8,30,5,2513
2015,8,30,6,3974
2015,8,30,7,5449
2015,8,30,8,6679
2015,8,30,9,7250
2015,8,30,10,7126
2015,8,30,11,6100
2015,8,30,12,4685
2015,8,30,13,3031
2015,8,30,14,1616
2015,8,30,15,695
2015,8,30,16,655
2015,8,30,17,1332
2015,8,30,18,2691
2015,8,30,19,4329
2015,8,30,20,5891
2015,8,30,21,6948
2015,8,30,22,7276
2015,8,30,23,6869
2015,8,31,0,5611
2015,8,31,1,4121
2015,8,31,2,2588
2015,8,31,3,1460
2015,8,31,4,1025
2015,8,31,5,1487
2015,8,31,6,2602
2015,8,31,7,4185
2015,8,31,8,5667
2015,8,31,9,6787
2015,8,31,10,7209
2015,8,31,11,6906
2015,8,31,12,5720
2015,8,31,13,4278
2015,8,31,14,2632
2015,8,31,15,1328
2015,8,31,16,618
2015,8,31,17,774
2015,8,31,18,1687
2015,8,31,19,3152
2015,8,31,20,4814
2015,8,31,21,6227
2015,8,31,22,7040
2015,8,31,23,7183
2015,9,1,0,6475
2015,9,1,1,5158
2015,9,1,2,3566
2015,9,1,3,2110
2015,9,1,4,1090
2015,9,1,5,898
2015,9,1,6,1488
2015,9,1,7,2729
2015,9,1,8,4354
2015,9,1,9,5776
2015,9,1,10,6813
2015,9,1,11,7083
2015,9,1,12,6585
2015,9,1,13,5376
2015,9,1,14,3881
2015,9,1,15,2437
2015,9,1,16,1284
2015,9,1,17,878
2015,9,1,18,1247
2015,9,1,19,2272
2015,9,1,20,3815
2015,9,1,21,5333
2015,9,1,22,6579
2015,9,1,23,7152
2015,9,2,0,7055
2015,9,2,1,6096
2015,9,2,2,4769
2015,9,2,3,3187
2015,9,2,4,1852
2015,9,2,5,1036
2015,9,2,6,1007
2015,9,2,7,1712
2015,9,2,8,2963
2015,9,2,9,4451
2015,9,2,10,5740
2015,9,2,11,6530
2015,9,2,12,6624
2015,9,2,13,6058
2015,9,2,14,4877
2015,9,2,15,3516
2015,9,2,16,2239
2015,9,2,17,1374
2015,9,2,18,1177
2015,9,2,19,1709
2015,9,2,20,2790
2015,9,2,21,4255
2015,9,2,22,5566
2015,9,2,23,6576
2015,9,3,0,6947
2015,9,3,1,6632
2015,9,3,2,5599
2015,9,3,3,4284
2015,9,3,4,2858
2015,9,3,5,1699
2015,9,3,6,1094
2015,9,3,7,1150
2015,9,3,8,1904
2015,9,3,9,3030
2015,9,3,10,4363
2015,9,3,11,5440
2015,9,3,12,6023
2015,9,3,13,6044
2015,9,3,14,5459
2015,9,3,15,4423
2015,9,3,16,3275
2015,9,3,17,2253
2015,9,3,18,1641
2015,9,3,19,1626
2015,9,3,20,2214
2015,9,3,21,3237
2015,9,3,22,4521
2015,9,3,23,5610
2015,9,4,0,6355
2015,9,4,1,6517
2015,9,4,2,6092
2015,9,4,3,5126
2015,9,4,4,3949
2015,9,4,5,2736
2015,9,4,6,1795
2015,9,4,7,1302
2015,9,4,8,1439
2015,9,4,9,2065
2015,9,4,10,3089
2015,9,4,11,4179
2015,9,4,12,5092
2015,9,4,13,5547
2015,9,4,14,5545
2015,9,4,15,5021
2015,9,4,16,4168
2015,9,4,17,3259
2015,9,4,18,2490
2015,9,4,19,2121
2015,9,4,20,2199
2015,9,4,21,2718
2015,9,4,22,3620
2015,9,4,23,4601
2015,9,5,0,5475
2015,9,5,1,6034
2015,9,5,2,6124
2015,9,5,3,5708
2015,9,5,4,4943
2015,9,5,5,3923
2015,9,5,6,2912
2015,9,5,7,2098
2015,9,5,8,1671
2015,9,5,9,1778
2015,9,5,10,2295
2015,9,5,11,3155
2015,9,5,12,4046
2015,9,5,13,4779
2015,9,5,14,5212
2015,9,5,15,5264
2015,9,5,16,4894
2015,9,5,17,4283
2015,9,5,18,3583
2015,9,5,19,2999
2015,9,5,20,2646
2015,9,5,21,2699
2015,9,5,22,3066
2015,9,5,23,3760
2015,9,6,0,4541
2015,9,6,1,5220
2015,9,6,2,5721
2015,9,6,3,5812
2015,9,6,4,5511
2015,9,6,5,4880
2015,9,6,6,4041
2015,9,6,7,3146
2015,9,6,8,2396
2015,9,6,9,1947
2015,9,6,10,1917
2015,9,6,11,2260
2015,9,6,12,2913
2015,9,6,13,3703
2015,9,6,14,4388
2015,9,6,15,4878
2015,9,6,16,5025
2015,9,6,17,4841
2015,9,6,18,4389
2015,9,6,19,3812
2015,9,6,20,3298
2015,9,6,21,2962
2015,9,6,22,2894
2015,9,6,23,3159
2015,9,7,0,3649
2015,9,7,1,4288
2015,9,7,2,4914
2015,9,7,3,5385
2015,9,7,4,5580
2015,9,7,5,5436
2015,9,7,6,4954
2015,9,7,7,4237
2015,9,7,8,3367
2015,9,7,9,2607
2015,9,7,10,2064
2015,9,7,11,1927
2015,9,7,12,2136
2015,9,7,13,2701
2015,9,7,14,3452
2015,9,7,15,4183
2015,9,7,16,4764
2015,9,7,17,5064
2015,9,7,18,4999
2015,9,7,19,4644
2015,9,7,20,4126
2015,9,7,21,3560
2015,9,7,22,3124
2015,9,7,23,2960
2015,9,8,0,3074
2015,9,8,1,3488
2015,9,8,2,4111
2015,9,8,3,4781
2015,9,8,4,5372
2015,9,8,5,5705
2015,9,8,6,5673
2015,9,8,7,5235
2015,9,8,8,4499
2015,9,8,9,3599
2015,9,8,10,2725
2015,9,8,11,2087
2015,9,8,12,1825
2015,9,8,13,2008
2015,9,8,14,2565
2015,9,8,15,3411
2015,9,8,16,4207
2015,9,8,17,4908
2015,9,8,18,5221
2015,9,8,19,5265
2015,9,8,20,4884
2015,9,8,21,4305
2015,9,8,22,3615
2015,9,8,23,3072
2015,9,9,0,2758
2015,9,9,1,2848
2015,9,9,2,3251
2015,9,9,3,3981
2015,9,9,4,4772
2015,9,9,5,5492
2015,9,9,6,5895
2015,9,9,7,5889
2015,9,9,8,5433
2015,9,9,9,4582
2015,9,9,10,3547
2015,9,9,11,2592
2015,9,9,12,1893
2015,9,9,13,1648
2015,9,9,14,1938
2015,9,9,15,2556
2015,9,9,16,3550
2015,9,9,17,4449
2015,9,9,18,5183
2015,9,9,19,5555
2015,9,9,20,5511
2015,9,9,21,4980
2015,9,9,22,4273
2015,9,9,23,3420
2015,9,10,0,2772
2015,9,10,1,2416
2015,9,10,2,2531
2015,9,10,3,3017
2015,9,10,4,3895
2015,9,10,5,4780
2015,9,10,6,5570
2015,9,10,7,5990
2015,9,10,8,5923
2015,9,10,9,5281
2015,9,10,10,4347
2015,9,10,11,3188
2015,9,10,12,2213
2015,9,10,13,1519
2015,9,10,14,1408
2015,9,10,15,1851
2015,9,10,16,2676
2015,9,10,17,3749
2015,9,10,18,4739
2015,9,10,19,5463
2015,9,10,20,5749
2015,9,10,21,5565
2015,9,10,22,4866
2015,9,10,23,3975
2015,9,11,0,3036
2015,9,11,1,2376
2015,9,11,2,2104
2015,9,11,3,2377
2015,9,11,4,3057
2015,9,11,5,4055
2015,9,11,6,5085
2015,9,11,7,5816
2015,9,11,8,6152
2015,9,11,9,5922
2015,9,11,10,5127
2015,9,11,11,4034
2015,9,11,12,2835
2015,9,11,13,1861
2015,9,11,14,1291
2015,9,11,15,1400
2015,9,11,16,2025
2015,9,11,17,3067
2015,9,11,18,4251
2015,9,11,19,5239
2015,9,11,20,5870
2015,9,11,21,5967
2015,9,11,22,5510
2015,9,11,23,4572
2015,9,12,0,3509
2015,9,12,1,2535
2015,9,12,2,1950
2015,9,12,3,1879
2015,9,12,4,2413
2015,9,12,5,3311
2015,9,12,6,4478
2015,9,12,7,5462
2015,9,12,8,6097
2015,9,12,9,6269
2015,9,12,10,5740
2015,9,12,11,4760
2015,9,12,12,3559
2015,9,12,13,2370
2015,9,12,14,1495
2015,9,12,15,1196
2015,9,12,16,1527
2015,9,12,17,2401
2015,9,12,18,3620
2015,9,12,19,4811
2015,9,12,20,5702
2015,9,12,21,6110
2015,9,12,22,5918
2015,9,12,23,5092
2015,9,13,0,4011
2015,9,13,1,2881
2015,9,13,2,1995
2015,9,13,3,1623
2015,9,13,4,1839
2015,9,13,5,2581
2015,9,13,6,3726
2015,9,13,7,4820
2015,9,13,8,5763
2015,9,13,9,6174
2015,9,13,10,6093
2015,9,13,11,5341
2015,9,13,12,4268
2015,9,13,13,3005
2015,9,13,14,1931
2015,9,13,15,1248
2015,9,13,16,1270
2015,9,13,17,1878
2015,9,13,18,2993
2015,9,13,19,4294
2015,9,13,20,5419
2015,9,13,21,6097
2015,9,13,22,6199
2015,9,13,23,5679
2015,9,14,0,4668
2015,9,14,1,3481
2015,9,14,2,2382
2015,9,14,3,1657
2015,9,14,4,1496
2015,9,14,5,2022
2015,9,14,6,2929
2015,9,14,7,4195
2015,9,14,8,5274
2015,9,14,9,6025
2015,9,14,10,6250
2015,9,14,11,5863
2015,9,14,12,4888
2015,9,14,13,3692
2015,9,14,14,2469
2015,9,14,15,1588
2015,9,14,16,1271
2015,9,14,17,1649
2015,9,14,18,2539
2015,9,14,19,3847
2015,9,14,20,5061
2015,9,14,21,5983
2015,9,14,22,6336
2015,9,14,23,6105
2015,9,15,0,5246
2015,9,15,1,4130
2015,9,15,2,2948
2015,9,15,3,2014
2015,9,15,4,1548
2015,9,15,5,1726
2015,9,15,6,2468
2015,9,15,7,3567
2015,9,15,8,4773
2015,9,15,9,5710
2015,9,15,10,6233
2015,9,15,11,6159
2015,9,15,12,5471
2015,9,15,13,4416
2015,9,15,14,3200
2015,9,15,15,2197
2015,9,15,16,1589
2015,9,15,17,1655
2015,9,15,18,2280
2015,9,15,19,3361
2015,9,15,20,4636
2015,9,15,21,5684
2015,9,15,22,6302
2015,9,15,23,6375
2015,9,16,0,5783
2015,9,16,1,4755
2015,9,16,2,3519
2015,9,16,3,2440
2015,9,16,4,1672
2015,9,16,5,1561
2015,9,16,6,1985
2015,9,16,7,2898
2015,9,16,8,4097
2015,9,16,9,5153
2015,9,16,10,5901
2015,9,16,11,6110
2015,9,16,12,5775
2015,9,16,13,4898
2015,9,16,14,3842
2015,9,16,15,2797
2015,9,16,16,2033
2015,9,16,17,1824
2015,9,16,18,2137
2015,9,16,19,2988
2015,9,16,20,4143
2015,9,16,21,5236
2015,9,16,22,6081
2015,9,16,23,6395
2015,9,17,0,6153
2015,9,17,1,5300
2015,9,17,2,4208
2015,9,17,3,3023
2015,9,17,4,2103
2015,9,17,5,1667
2015,9,17,6,1801
2015,9,17,7,2437
2015,9,17,8,3454
2015,9,17,9,4503
2015,9,17,10,5436
2015,9,17,11,5874
2015,9,17,12,5876
2015,9,17,13,5299
2015,9,17,14,4405
2015,9,17,15,3437
2015,9,17,16,2585
2015,9,17,17,2122
2015,9,17,18,2167
2015,9,17,19,2708
2015,9,17,20,3677
2015,9,17,21,4709
2015,9,17,22,5640
2015,9,17,23,6172
2015,9,18,0,6217
2015,9,18,1,5695
2015,9,18,2,4790
2015,9,18,3,3683
2015,9,18,4,2673
2015,9,18,5,1997
2015,9,18,6,1809
2015,9,18,7,2125
2015,9,18,8,2868
2015,9,18,9,3827
2015,9,18,10,4798
2015,9,18,11,5462
2015,9,18,12,5758
2015,9,18,13,5530
2015,9,18,14,4932
2015,9,18,15,4125
2015,9,18,16,3295
2015,9,18,17,2696
2015,9,18,18,2504
2015,9,18,19,2707
2015,9,18,20,3364
2015,9,18,21,4301
2015,9,18,22,5233
2015,9,18,23,5944
2015,9,19,0,6253
2015,9,19,1,6069
2015,9,19,2,5366
2015,9,19,3,4462
2015,9,19,4,3423
2015,9,19,5,2617
2015,9,19,6,2138
2015,9,19,7,2136
2015,9,19,8,2486
2015,9,19,9,3250
2015,9,19,10,4059
2015,9,19,11,4834
2015,9,19,12,5311
2015,9,19,13,5438
2015,9,19,14,5179
2015,9,19,15,4606
2015,9,19,16,3878
2015,9,19,17,3191
2015,9,19,18,2808
2015,9,19,19,2699
2015,9,19,20,3065
2015,9,19,21,3726
2015,9,19,22,4513
2015,9,19,23,5284
2015,9,20,0,5779
2015,9,20,1,5889
2015,9,20,2,5545
2015,9,20,3,4873
2015,9,20,4,4020
2015,9,20,5,3195
2015,9,20,6,2571
2015,9,20,7,2237
2015,9,20,8,2293
2015,9,20,9,2662
2015,9,20,10,3320
2015,9,20,11,4051
2015,9,20,12,4673
2015,9,20,13,5074
2015,9,20,14,5158
2015,9,20,15,4898
2015,9,20,16,4415
2015,9,20,17,3776
2015,9,20,18,3256
2015,9,20,19,2962
2015,9,20,20,2996
2015,9,20,21,3339
2015,9,20,22,3943
2015,9,20,23,4601
2015,9,21,0,5227
2015,9,21,1,5585
2015,9,21,2,5597
2015,9,21,3,5252
2015,9,21,4,4636
2015,9,21,5,3882
2015,9,21,6,3170
2015,9,21,7,2611
2015,9,21,8,2321
2015,9,21,9,2342
2015,9,21,10,2663
2015,9,21,11,3235
2015,9,21,12,3840
2015,9,21,13,4393
2015,9,21,14,4762
2015,9,21,15,4897
2015,9,21,16,4741
2015,9,21,17,4355
2015,9,21,18,3884
2015,9,21,19,3419
2015,9,21,20,3136
2015,9,21,21,3159
2015,9,21,22,3388
2015,9,21,23,3916
2015,9,22,0,4496
2015,9,22,1,5070
2015,9,22,2,5423
2015,9,22,3,5504
2015,9,22,4,5244
2015,9,22,5,4773
2015,9,22,6,4081
2015,9,22,7,3422
2015,9,22,8,2837
2015,9,22,9,2495
2015,9,22,10,2436
2015,9,22,11,2669
2015,9,22,12,3156
2015,9,22,13,3755
2015,9,22,14,4363
2015,9,22,15,4817
2015,9,22,16,5068
2015,9,22,17,5017
2015,9,22,18,4672
2015,9,22,19,4215
2015,9,22,20,3681
2015,9,22,21,3330
2015,9,22,22,3178
2015,9,22,23,3358
2015,9,23,0,3790
2015,9,23,1,4353
2015,9,23,2,4944
2015,9,23,3,5366
2015,9,23,4,5564
2015,9,23,5,5427
2015,9,23,6,4990
2015,9,23,7,4301
2015,9,23,8,3511
2015,9,23,9,2843
2015,9,23,10,2355
2015,9,23,11,2151
2015,9,23,12,2389
2015,9,23,13,2809
2015,9,23,14,3554
2015,9,23,15,4271
2015,9,23,16,4932
2015,9,23,17,5270
2015,9,23,18,5341
2015,9,23,19,5019
2015,9,23,20,4434
2015,9,23,21,3775
2015,9,23,22,3235
2015,9,23,23,2933
2015,9,24,0,3019
2015,9,24,1,3412
2015,9,24,2,4061
2015,9,24,3,4779
2015,9,24,4,5421
2015,9,24,5,5765
2015,9,24,6,5748
2015,9,24,7,5318
2015,9,24,8,4574
2015,9,24,9,3653
2015,9,24,10,2773
2015,9,24,11,2192
2015,9,24,12,1856
2015,9,24,13,2083
2015,9,24,14,2684
2015,9,24,15,3550
2015,9,24,16,4489
2015,9,24,17,5276
2015,9,24,18,5701
2015,9,24,19,5766
2015,9,24,20,5326
2015,9,24,21,4603
2015,9,24,22,3716
2015,9,24,23,3001
2015,9,25,0,2590
2015,9,25,1,2655
2015,9,25,2,3102
2015,9,25,3,3917
2015,9,25,4,4839
2015,9,25,5,5619
2015,9,25,6,6122
2015,9,25,7,6116
2015,9,25,8,5551
2015,9,25,9,4667
2015,9,25,10,3491
2015,9,25,11,2417
2015,9,25,12,1619
2015,9,25,13,1386
2015,9,25,14,1680
2015,9,25,15,2492
2015,9,25,16,3636
2015,9,25,17,4747
2015,9,25,18,5650
2015,9,25,19,6090
2015,9,25,20,6035
2015,9,25,21,5351
2015,9,25,22,4383
2015,9,25,23,3262
2015,9,26,0,2373
2015,9,26,1,1860
2015,9,26,2,1955
2015,9,26,3,2587
2015,9,26,4,3685
2015,9,26,5,4886
2015,9,26,6,5897
2015,9,26,7,6462
2015,9,26,8,6417
2015,9,26,9,5699
2015,9,26,10,4566
2015,9,26,11,3204
2015,9,26,12,1958
2015,9,26,13,1118
2015,9,26,14,944
2015,9,26,15,1482
2015,9,26,16,2555
2015,9,26,17,3948
2015,9,26,18,5243
2015,9,26,19,6209
2015,9,26,20,6560
2015,9,26,21,6302
2015,9,26,22,5316
2015,9,26,23,4067
2015,9,27,0,2741
2015,9,27,1,1700
2015,9,27,2,1220
2015,9,27,3,1513
2015,9,27,4,2405
2015,9,27,5,3775
2015,9,27,6,5179
2015,9,27,7,6301
2015,9,27,8,6806
2015,9,27,9,6665
2015,9,27,10,5711
2015,9,27,11,4391
2015,9,27,12,2863
2015,9,27,13,1547
2015,9,27,14,793
2015,9,27,15,803
2015,9,27,16,1600
2015,9,27,17,2899
2015,9,27,18,4469
2015,9,27,19,5838
2015,9,27,20,6703
2015,9,27,21,6933
2015,9,27,22,6367
2015,9,27,23,5113
2015,9,28,0,3572
2015,9,28,1,2080
2015,9,28,2,995
2015,9,28,3,671
2015,9,28,4,1177
2015,9,28,5,2347
2015,9,28,6,3940
2015,9,28,7,5447
2015,9,28,8,6558
2015,9,28,9,6962
2015,9,28,10,6645
2015,9,28,11,5489
2015,9,28,12,4040
2015,9,28,13,2441
2015,9,28,14,1186
2015,9,28,15,587
2015,9,28,16,906
2015,9,28,17,1921
2015,9,28,18,3493
2015,9,28,19,5102
2015,9,28,20,6470
2015,9,28,21,7132
2015,9,28,22,7119
2015,9,28,23,6198
2015,9,29,0,4770
2015,9,29,1,3088
2015,9,29,2,1568
2015,9,29,3,582
2015,9,29,4,492
2015,9,29,5,1201
2015,9,29,6,2557
2015,9,29,7,4272
2015,9,29,8,5764
2015,9,29,9,6764
2015,9,29,10,7045
2015,9,29,11,6544
2015,9,29,12,5241
2015,9,29,13,3728
2015,9,29,14,2188
2015,9,29,15,1096
2015,9,29,16,782
2015,9,29,17,1301
2015,9,29,18,2498
2015,9,29,19,4164
2015,9,29,20,5696
2015,9,29,21,6898
2015,9,29,22,7340
2015,9,29,23,7074
2015,9,30,0,5898
2015,9,30,1,4399
2015,9,30,2,2669
2015,9,30,3,1237
2015,9,30,4,462
2015,9,30,5,538
2015,9,30,6,1434
2015,9,30,7,2846
2015,9,30,8,4532
2015,9,30,9,5913
2015,9,30,10,6783
2015,9,30,11,6883
2015,9,30,12,6217
2015,9,30,13,4906
2015,9,30,14,3417
2015,9,30,15,2061
2015,9,30,16,1213
2015,9,30,17,1157
2015,9,30,18,1846
2015,9,30,19,3119
2015,9,30,20,4730
2015,9,30,21,6088
2015,9,30,22,7042
2015,9,30,23,7268
2015,10,1,0,6474
2015,10,1,1,5460
2015,10,1,2,3910
2015,10,1,3,2280
2015,10,1,4,1020
2015,10,1,5,450
2015,10,1,6,710
2015,10,1,7,1690
2015,10,1,8,3130
2015,10,1,9,4680
2015,10,1,10,5920
2015,10,1,11,6540
2015,10,1,12,6470
2015,10,1,13,5680
2015,10,1,14,4460
2015,10,1,15,3120
2015,10,1,16,2020
2015,10,1,17,1430
2015,10,1,18,1590
2015,10,1,19,2340
2015,10,1,20,3640
2015,10,1,21,4990
2015,10,1,22,6180
2015,10,1,23,6820
2015,10,2,0,6880
2015,10,2,1,6150
2015,10,2,2,4920
2015,10,2,3,3470
2015,10,2,4,2060
2015,10,2,5,1010
2015,10,2,6,650
2015,10,2,7,1000
2015,10,2,8,1940
2015,10,2,9,3300
2015,10,2,10,4600
2015,10,2,11,5630
2015,10,2,12,6040
2015,10,2,13,5900
2015,10,2,14,5100
2015,10,2,15,4060
2015,10,2,16,2940
2015,10,2,17,2110
2015,10,2,18,1730
2015,10,2,19,1970
2015,10,2,20,2700
2015,10,2,21,3860
2015,10,2,22,5020
2015,10,2,23,5910
2015,10,3,0,6360
2015,10,3,1,6270
2015,10,3,2,5490
2015,10,3,3,4420
2015,10,3,4,3150
2015,10,3,5,2000
2015,10,3,6,1210
2015,10,3,7,960
2015,10,3,8,1300
2015,10,3,9,2170
2015,10,3,10,3340
2015,10,3,11,4400
2015,10,3,12,5260
2015,10,3,13,5550
2015,10,3,14,5410
2015,10,3,15,4740
2015,10,3,16,3880
2015,10,3,17,3030
2015,10,3,18,2420
2015,10,3,19,2200
2015,10,3,20,2470
2015,10,3,21,3100
2015,10,3,22,4040
2015,10,3,23,4910
2015,10,4,0,5620
2015,10,4,1,5910
2015,10,4,2,5780
2015,10,4,3,5150
2015,10,4,4,4280
2015,10,4,5,3240
2015,10,4,6,2310
2015,10,4,7,1670
2015,10,4,8,1480
2015,10,4,9,1760
2015,10,4,10,2430
2015,10,4,11,3410
2015,10,4,12,4270
2015,10,4,13,4950
2015,10,4,14,5280
2015,10,4,15,5140
2015,10,4,16,4690
2015,10,4,17,4080
2015,10,4,18,3390
2015,10,4,19,2910
2015,10,4,20,2720
2015,10,4,21,2850
2015,10,4,22,3370
2015,10,4,23,4040
2015,10,5,0,4750
2015,10,5,1,5340
2015,10,5,2,5580
2015,10,5,3,5490
2015,10,5,4,5030
2015,10,5,5,4290
2015,10,5,6,3480
2015,10,5,7,2660
2015,10,5,8,2120
2015,10,5,9,1890
2015,10,5,10,2100
2015,10,5,11,2650
2015,10,5,12,3400
2015,10,5,13,4150
2015,10,5,14,4750
2015,10,5,15,5080
2015,10,5,16,5120
2015,10,5,17,4810
2015,10,5,18,4330
2015,10,5,19,3790
2015,10,5,20,3320
2015,10,5,21,3040
2015,10,5,22,3050
2015,10,5,23,3370
2015,10,6,0,3880
2015,10,6,1,4520
2015,10,6,2,5020
2015,10,6,3,5360
2015,10,6,4,5390
2015,10,6,5,5070
2015,10,6,6,4510
2015,10,6,7,3790
2015,10,6,8,3010
2015,10,6,9,2390
2015,10,6,10,2120
2015,10,6,11,2180
2015,10,6,12,2610
2015,10,6,13,3310
2015,10,6,14,4060
2015,10,6,15,4680
2015,10,6,16,5120
2015,10,6,17,5230
2015,10,6,18,5030
2015,10,6,19,4580
2015,10,6,20,4030
2015,10,6,21,3490
2015,10,6,22,3100
2015,10,6,23,3020
2015,10,7,0,3170
2015,10,7,1,3620
2015,10,7,2,4230
2015,10,7,3,4790
2015,10,7,4,5260
2015,10,7,5,5390
2015,10,7,6,5210
2015,10,7,7,4690
2015,10,7,8,3980
2015,10,7,9,3140
2015,10,7,10,2490
2015,10,7,11,2100
2015,10,7,12,2110
2015,10,7,13,2500
2015,10,7,14,3230
2015,10,7,15,4030
2015,10,7,16,4780
2015,10,7,17,5290
2015,10,7,18,5460
2015,10,7,19,5260
2015,10,7,20,4750
2015,10,7,21,4070
2015,10,7,22,3420
2015,10,7,23,2910
2015,10,8,0,2760
2015,10,8,1,2920
2015,10,8,2,3460
2015,10,8,3,4120
2015,10,8,4,4850
2015,10,8,5,5400
2015,10,8,6,5630
2015,10,8,7,5470
2015,10,8,8,4910
2015,10,8,9,4140
2015,10,8,10,3270
2015,10,8,11,2530
2015,10,8,12,2130
2015,10,8,13,2130
2015,10,8,14,2570
2015,10,8,15,3390
2015,10,8,16,4300
2015,10,8,17,5110
2015,10,8,18,5720
2015,10,8,19,5980
2015,10,8,20,5730
2015,10,8,21,5000
2015,10,8,22,4040
2015,10,8,23,3290
2015,10,9,0,2620
2015,10,9,1,2550
2015,10,9,2,2770
2015,10,9,3,3480
2015,10,9,4,4290
2015,10,9,5,5190
2015,10,9,6,5720
2015,10,9,7,5970
2015,10,9,8,5710
2015,10,9,9,5090
2015,10,9,10,4220
2015,10,9,11,3340
2015,10,9,12,2570
2015,10,9,13,2280
2015,10,9,14,2430
2015,10,9,15,3050
2015,10,9,16,4060
2015,10,9,17,5050
2015,10,9,18,5840
2015,10,9,19,6400
2015,10,9,20,6400
2015,10,9,21,5900
2015,10,9,22,5220
2015,10,9,23,4160
2015,10,10,0,3330
2015,10,10,1,2750
2015,10,10,2,2600
2015,10,10,3,2920
2015,10,10,4,3720
2015,10,10,5,4560
2015,10,10,6,5500
2015,10,10,7,6150
2015,10,10,8,6280
2015,10,10,9,5840
2015,10,10,10,5080
2015,10,10,11,3950
2015,10,10,12,3000
2015,10,10,13,2210
2015,10,10,14,2060
2015,10,10,15,2440
2015,10,10,16,3300
2015,10,10,17,4400
2015,10,10,18,5440
2015,10,10,19,6190
2015,10,10,20,6510
2015,10,10,21,6250
2015,10,10,22,5460
2015,10,10,23,4460
2015,10,11,0,3360
2015,10,11,1,2550
2015,10,11,2,2090
2015,10,11,3,2200
2015,10,11,4,2780
2015,10,11,5,3790
2015,10,11,6,4860
2015,10,11,7,5750
2015,10,11,8,6230
2015,10,11,9,6130
2015,10,11,10,5490
2015,10,11,11,4470
2015,10,11,12,3330
2015,10,11,13,2440
2015,10,11,14,1870
2015,10,11,15,1970
2015,10,11,16,2600
2015,10,11,17,3660
2015,10,11,18,4830
2015,10,11,19,5920
2015,10,11,20,6460
2015,10,11,21,6630
2015,10,11,22,6050
2015,10,11,23,5230
2015,10,12,0,4210
2015,10,12,1,2910
2015,10,12,2,2230
2015,10,12,3,1840
2015,10,12,4,2160
2015,10,12,5,3060
2015,10,12,6,4280
2015,10,12,7,5430
2015,10,12,8,6220
2015,10,12,9,6480
2015,10,12,10,6120
2015,10,12,11,5180
2015,10,12,12,4050
2015,10,12,13,2910
2015,10,12,14,2130
2015,10,12,15,1900
2015,10,12,16,2290
2015,10,12,17,3160
2015,10,12,18,4340
2015,10,12,19,5480
2015,10,12,20,6300
2015,10,12,21,6590
2015,10,12,22,6300
2015,10,12,23,5390
2015,10,13,0,4240
2015,10,13,1,3020
2015,10,13,2,2020
2015,10,13,3,1500
2015,10,13,4,1620
2015,10,13,5,2310
2015,10,13,6,3420
2015,10,13,7,4640
2015,10,13,8,5670
2015,10,13,9,6210
2015,10,13,10,6210
2015,10,13,11,5590
2015,10,13,12,4570
2015,10,13,13,3420
2015,10,13,14,2420
2015,10,13,15,1850
2015,10,13,16,1950
2015,10,13,17,2610
2015,10,13,18,3670
2015,10,13,19,4870
2015,10,13,20,5880
2015,10,13,21,6420
2015,10,13,22,6430
2015,10,13,23,5770
2015,10,14,0,4720
2015,10,14,1,3450
2015,10,14,2,2270
2015,10,14,3,1450
2015,10,14,4,1240
2015,10,14,5,1660
2015,10,14,6,2580
2015,10,14,7,3820
2015,10,14,8,5000
2015,10,14,9,5830
2015,10,14,10,6160
2015,10,14,11,5880
2015,10,14,12,5040
2015,10,14,13,3930
2015,10,14,14,2850
2015,10,14,15,2000
2015,10,14,16,1820
2015,10,14,17,2140
2015,10,14,18,3030
2015,10,14,19,4230
2015,10,14,20,5350
2015,10,14,21,6180
2015,10,14,22,6440
2015,10,14,23,6140
2015,10,15,0,5220
2015,10,15,1,4050
2015,10,15,2,2810
2015,10,15,3,1810
2015,10,15,4,1240
2015,10,15,5,1350
2015,10,15,6,2000
2015,10,15,7,3110
2015,10,15,8,4330
2015,10,15,9,5390
2015,10,15,10,6020
2015,10,15,11,6090
2015,10,15,12,5570
2015,10,15,13,4630
2015,10,15,14,3490
2015,10,15,15,2600
2015,10,15,16,2070
2015,10,15,17,2060
2015,10,15,18,2730
2015,10,15,19,3750
2015,10,15,20,4880
2015,10,15,21,5890
2015,10,15,22,6440
2015,10,15,23,6420
2015,10,16,0,5780
2015,10,16,1,4760
2015,10,16,2,3490
2015,10,16,3,2390
2015,10,16,4,1580
2015,10,16,5,1340
2015,10,16,6,1720
2015,10,16,7,2520
2015,10,16,8,3680
2015,10,16,9,4770
2015,10,16,10,5680
2015,10,16,11,6060
2015,10,16,12,5920
2015,10,16,13,5210
2015,10,16,14,4280
2015,10,16,15,3300
2015,10,16,16,2590
2015,10,16,17,2320
2015,10,16,18,2660
2015,10,16,19,3400
2015,10,16,20,4460
2015,10,16,21,5480
2015,10,16,22,6240
2015,10,16,23,6540
2015,10,17,0,6300
2015,10,17,1,5480
2015,10,17,2,4320
2015,10,17,3,3160
2015,10,17,4,2160
2015,10,17,5,1580
2015,10,17,6,1590
2015,10,17,7,2130
2015,10,17,8,3060
2015,10,17,9,4180
2015,10,17,10,5150
2015,10,17,11,5760
2015,10,17,12,5920
2015,10,17,13,5580
2015,10,17,14,4820
2015,10,17,15,3960
2015,10,17,16,3160
2015,10,17,17,2660
2015,10,17,18,2620
2015,10,17,19,3030
2015,10,17,20,3880
2015,10,17,21,4810
2015,10,17,22,5690
2015,10,17,23,6190
2015,10,18,0,6240
2015,10,18,1,5690
2015,10,18,2,4840
2015,10,18,3,3710
2015,10,18,4,2690
2015,10,18,5,1940
2015,10,18,6,1630
2015,10,18,7,1830
2015,10,18,8,2440
2015,10,18,9,3370
2015,10,18,10,4330
2015,10,18,11,5110
2015,10,18,12,5590
2015,10,18,13,5590
2015,10,18,14,5170
2015,10,18,15,4510
2015,10,18,16,3710
2015,10,18,17,3220
2015,10,18,18,2850
2015,10,18,19,3040
2015,10,18,20,3510
2015,10,18,21,4290
2015,10,18,22,5130
2015,10,18,23,5810
2015,10,19,0,6120
2015,10,19,1,5970
2015,10,19,2,5380
2015,10,19,3,4520
2015,10,19,4,3520
2015,10,19,5,2650
2015,10,19,6,2040
2015,10,19,7,1890
2015,10,19,8,2110
2015,10,19,9,2750
2015,10,19,10,3560
2015,10,19,11,4350
2015,10,19,12,4950
2015,10,19,13,5250
2015,10,19,14,5190
2015,10,19,15,4780
2015,10,19,16,4240
2015,10,19,17,3620
2015,10,19,18,3110
2015,10,19,19,2970
2015,10,19,20,3050
2015,10,19,21,3530
2015,10,19,22,4170
2015,10,19,23,4900
2015,10,20,0,5420
2015,10,20,1,5670
2015,10,20,2,5500
2015,10,20,3,4950
2015,10,20,4,4170
2015,10,20,5,3340
2015,10,20,6,2610
2015,10,20,7,2090
2015,10,20,8,2040
2015,10,20,9,2260
2015,10,20,10,2820
2015,10,20,11,3550
2015,10,20,12,4250
2015,10,20,13,4810
2015,10,20,14,5150
2015,10,20,15,5180
2015,10,20,16,4900
2015,10,20,17,4500
2015,10,20,18,3960
2015,10,20,19,3460
2015,10,20,20,3250
2015,10,20,21,3260
2015,10,20,22,3650
2015,10,20,23,4230
2015,10,21,0,4890
2015,10,21,1,5380
2015,10,21,2,5680
2015,10,21,3,5560
2015,10,21,4,5160
2015,10,21,5,4520
2015,10,21,6,3810
2015,10,21,7,3140
2015,10,21,8,2710
2015,10,21,9,2500
2015,10,21,10,2610
2015,10,21,11,2980
2015,10,21,12,3600
2015,10,21,13,4190
2015,10,21,14,4810
2015,10,21,15,5220
2015,10,21,16,5350
2015,10,21,17,5150
2015,10,21,18,4700
2015,10,21,19,4090
2015,10,21,20,3520
2015,10,21,21,3190
2015,10,21,22,3120
2015,10,21,23,3410
2015,10,22,0,3950
2015,10,22,1,4560
2015,10,22,2,5110
2015,10,22,3,5440
2015,10,22,4,5470
2015,10,22,5,5120
2015,10,22,6,4570
2015,10,22,7,3820
2015,10,22,8,3070
2015,10,22,9,2500
2015,10,22,10,2190
2015,10,22,11,2230
2015,10,22,12,2630
2015,10,22,13,3300
2015,10,22,14,4080
2015,10,22,15,4820
2015,10,22,16,5340
2015,10,22,17,5550
2015,10,22,18,5380
2015,10,22,19,4850
2015,10,22,20,4120
2015,10,22,21,3410
2015,10,22,22,2860
2015,10,22,23,2700
2015,10,23,0,2900
2015,10,23,1,3460
2015,10,23,2,4200
2015,10,23,3,4930
2015,10,23,4,5430
2015,10,23,5,5620
2015,10,23,6,5380
2015,10,23,7,4760
2015,10,23,8,3920
2015,10,23,9,3060
2015,10,23,10,2340
2015,10,23,11,1950
2015,10,23,12,1970
2015,10,23,13,2410
2015,10,23,14,3190
2015,10,23,15,4110
2015,10,23,16,5010
2015,10,23,17,5660
2015,10,23,18,5870
2015,10,23,19,5650
2015,10,23,20,4950
2015,10,23,21,4030
2015,10,23,22,3070
2015,10,23,23,2390
2015,10,24,0,2080
2015,10,24,1,2340
2015,10,24,2,2990
2015,10,24,3,3960
2015,10,24,4,4920
2015,10,24,5,5590
2015,10,24,6,5890
2015,10,24,7,5660
2015,10,24,8,4960
2015,10,24,9,4000
2015,10,24,10,2940
2015,10,24,11,2120
2015,10,24,12,1630
2015,10,24,13,1690
2015,10,24,14,2240
2015,10,24,15,3200
2015,10,24,16,4410
2015,10,24,17,5460
2015,10,24,18,6200
2015,10,24,19,6390
2015,10,24,20,5980
2015,10,24,21,5020
2015,10,24,22,3840
2015,10,24,23,2710
2015,10,25,0,1860
2015,10,25,1,1560
2015,10,25,2,1900
2015,10,25,3,2700
2015,10,25,4,3930
2015,10,25,5,5050
2015,10,25,6,5950
2015,10,25,7,6280
2015,10,25,8,6090
2015,10,25,9,5230
2015,10,25,10,4090
2015,10,25,11,2850
2015,10,25,12,1880
2015,10,25,13,1360
2015,10,25,14,1560
2015,10,25,15,2320
2015,10,25,16,3550
2015,10,25,17,4890
2015,10,25,18,6060
2015,10,25,19,6740
2015,10,25,20,6800
2015,10,25,21,6130
2015,10,25,22,4920
2015,10,25,23,3490
2015,10,26,0,2170
2015,10,26,1,1240
2015,10,26,2,1000
2015,10,26,3,1500
2015,10,26,4,2540
2015,10,26,5,4000
2015,10,26,6,5300
2015,10,26,7,6260
2015,10,26,8,6590
2015,10,26,9,6290
2015,10,26,10,5240
2015,10,26,11,3940
2015,10,26,12,2600
2015,10,26,13,1570
2015,10,26,14,1180
2015,10,26,15,1520
2015,10,26,16,2520
2015,10,26,17,4010
2015,10,26,18,5450
2015,10,26,19,6570
2015,10,26,20,7150
2015,10,26,21,6990
2015,10,26,22,6010
2015,10,26,23,4630
2015,10,27,0,2970
2015,10,27,1,1550
2015,10,27,2,620
2015,10,27,3,540
2015,10,27,4,1240
2015,10,27,5,2570
2015,10,27,6,4180
2015,10,27,7,5610
2015,10,27,8,6550
2015,10,27,9,6810
2015,10,27,10,6330
2015,10,27,11,5130
2015,10,27,12,3700
2015,10,27,13,2340
2015,10,27,14,1400
2015,10,27,15,1200
2015,10,27,16,1830
2015,10,27,17,2980
2015,10,27,18,4610
2015,10,27,19,6020
2015,10,27,20,7120
2015,10,27,21,7470
2015,10,27,22,7050
2015,10,27,23,5840
2015,10,28,0,4230
2015,10,28,1,2520
2015,10,28,2,1100
2015,10,28,3,380
2015,10,28,4,490
2015,10,28,5,1450
2015,10,28,6,2950
2015,10,28,7,4630
2015,10,28,8,6060
2015,10,28,9,6890
2015,10,28,10,7010
2015,10,28,11,6370
2015,10,28,12,5070
2015,10,28,13,3610
2015,10,28,14,2320
2015,10,28,15,1560
2015,10,28,16,1590
2015,10,28,17,2330
2015,10,28,18,3680
2015,10,28,19,5240
2015,10,28,20,6590
2015,10,28,21,7460
2015,10,28,22,7600
2015,10,28,23,6900
2015,10,29,0,5550
2015,10,29,1,3860
2015,10,29,2,2190
2015,10,29,3,860
2015,10,29,4,370
2015,10,29,5,670
2015,10,29,6,1780
2015,10,29,7,3340
2015,10,29,8,4940
2015,10,29,9,6240
2015,10,29,10,6890
2015,10,29,11,6850
2015,10,29,12,5980
2015,10,29,13,4720
2015,10,29,14,3280
2015,10,29,15,2170
2015,10,29,16,1600
2015,10,29,17,1870
2015,10,29,18,2730
2015,10,29,19,4160
2015,10,29,20,5600
2015,10,29,21,6790
2015,10,29,22,7430
2015,10,29,23,7410
2015,10,30,0,6510
2015,10,30,1,5190
2015,10,30,2,3530
2015,10,30,3,1990
2015,10,30,4,860
2015,10,30,5,510
2015,10,30,6,990
2015,10,30,7,2140
2015,10,30,8,3690
2015,10,30,9,5220
2015,10,30,10,6340
2015,10,30,11,6820
2015,10,30,12,6620
2015,10,30,13,5660
2015,10,30,14,4480
2015,10,30,15,3200
2015,10,30,16,2370
2015,10,30,17,2050
2015,10,30,18,2440
2015,10,30,19,3340
2015,10,30,20,4620
2015,10,30,21,5840
2015,10,30,22,6740
2015,10,30,23,7150
2015,10,31,0,6880
2015,10,31,1,5940
2015,10,31,2,4590
2015,10,31,3,3120
2015,10,31,4,1790
2015,10,31,5,950
2015,10,31,6,890
2015,10,31,7,1440
2015,10,31,8,2600
2015,10,31,9,4080
2015,10,31,10,5340
2015,10,31,11,6250
2015,10,31,12,6560
2015,10,31,13,6270
2015,10,31,14,5390
2015,10,31,15,4330
2015,10,31,16,3310
2015,10,31,17,2710
2015,10,31,18,2550
2015,10,31,19,2970
2015,10,31,20,3860
2015,10,31,21,4940
2015,10,31,22,5950
2015,10,31,23,6690
2015,11,1,0,6872
2015,11,1,1,6441
2015,11,1,2,5551
2015,11,1,3,4312
2015,11,1,4,3088
2015,11,1,5,2010
2015,11,1,6,1449
2015,11,1,7,1417
2015,11,1,8,2042
2015,11,1,9,3046
2015,11,1,10,4237
2015,11,1,11,5264
2015,11,1,12,5939
2015,11,1,13,6111
2015,11,1,14,5779
2015,11,1,15,4994
2015,11,1,16,4119
2015,11,1,17,3321
2015,11,1,18,2865
2015,11,1,19,2792
2015,11,1,20,3149
2015,11,1,21,3875
2015,11,1,22,4749
2015,11,1,23,5565
2015,11,2,0,6101
2015,11,2,1,6189
2015,11,2,2,5768
2015,11,2,3,4945
2015,11,2,4,3910
2015,11,2,5,2855
2015,11,2,6,1978
2015,11,2,7,1535
2015,11,2,8,1615
2015,11,2,9,2181
2015,11,2,10,3091
2015,11,2,11,4079
2015,11,2,12,4907
2015,11,2,13,5450
2015,11,2,14,5558
2015,11,2,15,5274
2015,11,2,16,4683
2015,11,2,17,3971
2015,11,2,18,3387
2015,11,2,19,2992
2015,11,2,20,2920
2015,11,2,21,3191
2015,11,2,22,3767
2015,11,2,23,4453
2015,11,3,0,5121
2015,11,3,1,5578
2015,11,3,2,5656
2015,11,3,3,5324
2015,11,3,4,4668
2015,11,3,5,3818
2015,11,3,6,2942
2015,11,3,7,2261
2015,11,3,8,1862
2015,11,3,9,1987
2015,11,3,10,2416
2015,11,3,11,3171
2015,11,3,12,3974
2015,11,3,13,4659
2015,11,3,14,5143
2015,11,3,15,5266
2015,11,3,16,5112
2015,11,3,17,4638
2015,11,3,18,4056
2015,11,3,19,3558
2015,11,3,20,3125
2015,11,3,21,3008
2015,11,3,22,3120
2015,11,3,23,3586
2015,11,4,0,4140
2015,11,4,1,4782
2015,11,4,2,5192
2015,11,4,3,5333
2015,11,4,4,5131
2015,11,4,5,4612
2015,11,4,6,3959
2015,11,4,7,3183
2015,11,4,8,2608
2015,11,4,9,2270
2015,11,4,10,2280
2015,11,4,11,2631
2015,11,4,12,3253
2015,11,4,13,3933
2015,11,4,14,4619
2015,11,4,15,5100
2015,11,4,16,5324
2015,11,4,17,5235
2015,11,4,18,4828
2015,11,4,19,4261
2015,11,4,20,3649
2015,11,4,21,3158
2015,11,4,22,2911
2015,11,4,23,2961
2015,11,5,0,3333
2015,11,5,1,3865
2015,11,5,2,4464
2015,11,5,3,4857
2015,11,5,4,5102
2015,11,5,5,4968
2015,11,5,6,4629
2015,11,5,7,3989
2015,11,5,8,3349
2015,11,5,9,2731
2015,11,5,10,2353
2015,11,5,11,2294
2015,11,5,12,2554
2015,11,5,13,3153
2015,11,5,14,3852
2015,11,5,15,4605
2015,11,5,16,5140
2015,11,5,17,5414
2015,11,5,18,5347
2015,11,5,19,4921
2015,11,5,20,4270
2015,11,5,21,3593
2015,11,5,22,3015
2015,11,5,23,2681
2015,11,6,0,2720
2015,11,6,1,3049
2015,11,6,2,3626
2015,11,6,3,4280
2015,11,6,4,4866
2015,11,6,5,5168
2015,11,6,6,5238
2015,11,6,7,4943
2015,11,6,8,4372
2015,11,6,9,3713
2015,11,6,10,3055
2015,11,6,11,2621
2015,11,6,12,2562
2015,11,6,13,2858
2015,11,6,14,3473
2015,11,6,15,4258
2015,11,6,16,5057
2015,11,6,17,5630
2015,11,6,18,5882
2015,11,6,19,5723
2015,11,6,20,5136
2015,11,6,21,4342
2015,11,6,22,3501
2015,11,6,23,2819
2015,11,7,0,2469
2015,11,7,1,2520
2015,11,7,2,2882
2015,11,7,3,3604
2015,11,7,4,4327
2015,11,7,5,4982
2015,11,7,6,5356
2015,11,7,7,5391
2015,11,7,8,5014
2015,11,7,9,4361
2015,11,7,10,3540
2015,11,7,11,2823
2015,11,7,12,2372
2015,11,7,13,2387
2015,11,7,14,2786
2015,11,7,15,3594
2015,11,7,16,4496
2015,11,7,17,5327
2015,11,7,18,5881
2015,11,7,19,6018
2015,11,7,20,5670
2015,11,7,21,4967
2015,11,7,22,4033
2015,11,7,23,3131
2015,11,8,0,2449
2015,11,8,1,2134
2015,11,8,2,2297
2015,11,8,3,2833
2015,11,8,4,3686
2015,11,8,5,4559
2015,11,8,6,5264
2015,11,8,7,5637
2015,11,8,8,5572
2015,11,8,9,5041
2015,11,8,10,4230
2015,11,8,11,3328
2015,11,8,12,2588
2015,11,8,13,2241
2015,11,8,14,2385
2015,11,8,15,2950
2015,11,8,16,3917
2015,11,8,17,4881
2015,11,8,18,5719
2015,11,8,19,6156
2015,11,8,20,6091
2015,11,8,21,5496
2015,11,8,22,4579
2015,11,8,23,3490
2015,11,9,0,2539
2015,11,9,1,1902
2015,11,9,2,1757
2015,11,9,3,2126
2015,11,9,4,2868
2015,11,9,5,3860
2015,11,9,6,4782
2015,11,9,7,5451
2015,11,9,8,5696
2015,11,9,9,5478
2015,11,9,10,4742
2015,11,9,11,3853
2015,11,9,12,2893
2015,11,9,13,2270
2015,11,9,14,2018
2015,11,9,15,2410
2015,11,9,16,3209
2015,11,9,17,4316
2015,11,9,18,5334
2015,11,9,19,6056
2015,11,9,20,6262
2015,11,9,21,5942
2015,11,9,22,5100
2015,11,9,23,3987
2015,11,10,0,2894
2015,11,10,1,1980
2015,11,10,2,1516
2015,11,10,3,1588
2015,11,10,4,2191
2015,11,10,5,3170
2015,11,10,6,4286
2015,11,10,7,5282
2015,11,10,8,5875
2015,11,10,9,6008
2015,11,10,10,5566
2015,11,10,11,4672
2015,11,10,12,3642
2015,11,10,13,2759
2015,11,10,14,2283
2015,11,10,15,2397
2015,11,10,16,3020
2015,11,10,17,4147
2015,11,10,18,5355
2015,11,10,19,6123
2015,11,10,20,6635
2015,11,10,21,6586
2015,11,10,22,5816
2015,11,10,23,4779
2015,11,11,0,3517
2015,11,11,1,2406
2015,11,11,2,1571
2015,11,11,3,1369
2015,11,11,4,1677
2015,11,11,5,2504
2015,11,11,6,3651
2015,11,11,7,4770
2015,11,11,8,5606
2015,11,11,9,6026
2015,11,11,10,5876
2015,11,11,11,5162
2015,11,11,12,4153
2015,11,11,13,3083
2015,11,11,14,2275
2015,11,11,15,2042
2015,11,11,16,2331
2015,11,11,17,3228
2015,11,11,18,4405
2015,11,11,19,5483
2015,11,11,20,6298
2015,11,11,21,6543
2015,11,11,22,6195
2015,11,11,23,5269
2015,11,12,0,4032
2015,11,12,1,2743
2015,11,12,2,1653
2015,11,12,3,1103
2015,11,12,4,1162
2015,11,12,5,1828
2015,11,12,6,2892
2015,11,12,7,4206
2015,11,12,8,5256
2015,11,12,9,6003
2015,11,12,10,6241
2015,11,12,11,5947
2015,11,12,12,5110
2015,11,12,13,4209
2015,11,12,14,3273
2015,11,12,15,2738
2015,11,12,16,2535
2015,11,12,17,3059
2015,11,12,18,3968
2015,11,12,19,5120
2015,11,12,20,6266
2015,11,12,21,6808
2015,11,12,22,6905
2015,11,12,23,6214
2015,11,13,0,5113
2015,11,13,1,3642
2015,11,13,2,2432
2015,11,13,3,1499
2015,11,13,4,1242
2015,11,13,5,1579
2015,11,13,6,2502
2015,11,13,7,3692
2015,11,13,8,4892
2015,11,13,9,5785
2015,11,13,10,6273
2015,11,13,11,6118
2015,11,13,12,5512
2015,11,13,13,4550
2015,11,13,14,3507
2015,11,13,15,2789
2015,11,13,16,2411
2015,11,13,17,2744
2015,11,13,18,3470
2015,11,13,19,4573
2015,11,13,20,5682
2015,11,13,21,6460
2015,11,13,22,6823
2015,11,13,23,6497
2015,11,14,0,5636
2015,11,14,1,4351
2015,11,14,2,3051
2015,11,14,3,1892
2015,11,14,4,1217
2015,11,14,5,1186
2015,11,14,6,1740
2015,11,14,7,2780
2015,11,14,8,4062
2015,11,14,9,5097
2015,11,14,10,5881
2015,11,14,11,6074
2015,11,14,12,5810
2015,11,14,13,4959
2015,11,14,14,4039
2015,11,14,15,3108
2015,11,14,16,2578
2015,11,14,17,2482
2015,11,14,18,2962
2015,11,14,19,3842
2015,11,14,20,4938
2015,11,14,21,5898
2015,11,14,22,6535
2015,11,14,23,6618
2015,11,15,0,6024
2015,11,15,1,5047
2015,11,15,2,3737
2015,11,15,3,2540
2015,11,15,4,1571
2015,11,15,5,1167
2015,11,15,6,1380
2015,11,15,7,2116
2015,11,15,8,3262
2015,11,15,9,4410
2015,11,15,10,5344
2015,11,15,11,5889
2015,11,15,12,5940
2015,11,15,13,5442
2015,11,15,14,4630
2015,11,15,15,3686
2015,11,15,16,2963
2015,11,15,17,2553
2015,11,15,18,2709
2015,11,15,19,3232
2015,11,15,20,4202
2015,11,15,21,5165
2015,11,15,22,5989
2015,11,15,23,6398
2015,11,16,0,6221
2015,11,16,1,5503
2015,11,16,2,4460
2015,11,16,3,3261
2015,11,16,4,2212
2015,11,16,5,1492
2015,11,16,6,1324
2015,11,16,7,1674
2015,11,16,8,2515
2015,11,16,9,3642
2015,11,16,10,4679
2015,11,16,11,5469
2015,11,16,12,5845
2015,11,16,13,5807
2015,11,16,14,5262
2015,11,16,15,4575
2015,11,16,16,3838
2015,11,16,17,3319
2015,11,16,18,3177
2015,11,16,19,3436
2015,11,16,20,4038
2015,11,16,21,4944
2015,11,16,22,5750
2015,11,16,23,6492
2015,11,17,0,6421
2015,11,17,1,6083
2015,11,17,2,5392
2015,11,17,3,4272
2015,11,17,4,3197
2015,11,17,5,2181
2015,11,17,6,1617
2015,11,17,7,1568
2015,11,17,8,2027
2015,11,17,9,2880
2015,11,17,10,3876
2015,11,17,11,4817
2015,11,17,12,5467
2015,11,17,13,5751
2015,11,17,14,5601
2015,11,17,15,5068
2015,11,17,16,4364
2015,11,17,17,3688
2015,11,17,18,3184
2015,11,17,19,2994
2015,11,17,20,3203
2015,11,17,21,3772
2015,11,17,22,4501
2015,11,17,23,5259
2015,11,18,0,5748
2015,11,18,1,5884
2015,11,18,2,5511
2015,11,18,3,4830
2015,11,18,4,3898
2015,11,18,5,2938
2015,11,18,6,2137
2015,11,18,7,1714
2015,11,18,8,1692
2015,11,18,9,2139
2015,11,18,10,2947
2015,11,18,11,3836
2015,11,18,12,4674
2015,11,18,13,5164
2015,11,18,14,5437
2015,11,18,15,5269
2015,11,18,16,4800
2015,11,18,17,4168
2015,11,18,18,3525
2015,11,18,19,3041
2015,11,18,20,2829
2015,11,18,21,2981
2015,11,18,22,3456
2015,11,18,23,4126
2015,11,19,0,4814
2015,11,19,1,5277
2015,11,19,2,5464
2015,11,19,3,5204
2015,11,19,4,4607
2015,11,19,5,3790
2015,11,19,6,2894
2015,11,19,7,2157
2015,11,19,8,1748
2015,11,19,9,1786
2015,11,19,10,2225
2015,11,19,11,2978
2015,11,19,12,3836
2015,11,19,13,4575
2015,11,19,14,5108
2015,11,19,15,5382
2015,11,19,16,5262
2015,11,19,17,4803
2015,11,19,18,4201
2015,11,19,19,3518
2015,11,19,20,2922
2015,11,19,21,2630
2015,11,19,22,2618
2015,11,19,23,3021
2015,11,20,0,3691
2015,11,20,1,4389
2015,11,20,2,4966
2015,11,20,3,5205
2015,11,20,4,5092
2015,11,20,5,4543
2015,11,20,6,3831
2015,11,20,7,2971
2015,11,20,8,2265
2015,11,20,9,1824
2015,11,20,10,1806
2015,11,20,11,2184
2015,11,20,12,2849
2015,11,20,13,3698
2015,11,20,14,4532
2015,11,20,15,5187
2015,11,20,16,5527
2015,11,20,17,5485
2015,11,20,18,5022
2015,11,20,19,4349
2015,11,20,20,3506
2015,11,20,21,2761
2015,11,20,22,2313
2015,11,20,23,2267
2015,11,21,0,2646
2015,11,21,1,3388
2015,11,21,2,4161
2015,11,21,3,4835
2015,11,21,4,5244
2015,11,21,5,5234
2015,11,21,6,4828
2015,11,21,7,4145
2015,11,21,8,3313
2015,11,21,9,2537
2015,11,21,10,2016
2015,11,21,11,1898
2015,11,21,12,2215
2015,11,21,13,2917
2015,11,21,14,3861
2015,11,21,15,4815
2015,11,21,16,5581
2015,11,21,17,5978
2015,11,21,18,5954
2015,11,21,19,5360
2015,11,21,20,4524
2015,11,21,21,3441
2015,11,21,22,2533
2015,11,21,23,1919
2015,11,22,0,1836
2015,11,22,1,2223
2015,11,22,2,2981
2015,11,22,3,3977
2015,11,22,4,4800
2015,11,22,5,5362
2015,11,22,6,5509
2015,11,22,7,5149
2015,11,22,8,4369
2015,11,22,9,3465
2015,11,22,10,2565
2015,11,22,11,1950
2015,11,22,12,1798
2015,11,22,13,2100
2015,11,22,14,2881
2015,11,22,15,3965
2015,11,22,16,5051
2015,11,22,17,5897
2015,11,22,18,6370
2015,11,22,19,6243
2015,11,22,20,5494
2015,11,22,21,4417
2015,11,22,22,3144
2015,11,22,23,2046
2015,11,23,0,1370
2015,11,23,1,1272
2015,11,23,2,1762
2015,11,23,3,2694
2015,11,23,4,3885
2015,11,23,5,4861
2015,11,23,6,5563
2015,11,23,7,5726
2015,11,23,8,5396
2015,11,23,9,4530
2015,11,23,10,3512
2015,11,23,11,2505
2015,11,23,12,1825
2015,11,23,13,1659
2015,11,23,14,2064
2015,11,23,15,2963
2015,11,23,16,4191
2015,11,23,17,5371
2015,11,23,18,6251
2015,11,23,19,6597
2015,11,23,20,6336
2015,11,23,21,5386
2015,11,23,22,4116
2015,11,23,23,2667
2015,11,24,0,1467
2015,11,24,1,689
2015,11,24,2,672
2015,11,24,3,1263
2015,11,24,4,2400
2015,11,24,5,3749
2015,11,24,6,4917
2015,11,24,7,5685
2015,11,24,8,5841
2015,11,24,9,5449
2015,11,24,10,4433
2015,11,24,11,3312
2015,11,24,12,2200
2015,11,24,13,1558
2015,11,24,14,1444
2015,11,24,15,2061
2015,11,24,16,3122
2015,11,24,17,4514
2015,11,24,18,5698
2015,11,24,19,6585
2015,11,24,20,6787
2015,11,24,21,6327
2015,11,24,22,5160
2015,11,24,23,3691
2015,11,25,0,2135
2015,11,25,1,855
2015,11,25,2,197
2015,11,25,3,313
2015,11,25,4,1144
2015,11,25,5,2472
2015,11,25,6,3976
2015,11,25,7,5198
2015,11,25,8,5933
2015,11,25,9,6026
2015,11,25,10,5514
2015,11,25,11,4367
2015,11,25,12,3146
2015,11,25,13,2034
2015,11,25,14,1430
2015,11,25,15,1464
2015,11,25,16,2243
2015,11,25,17,3464
2015,11,25,18,4908
2015,11,25,19,6151
2015,11,25,20,6824
2015,11,25,21,6950
2015,11,25,22,6180
2015,11,25,23,4909
2015,11,26,0,3294
2015,11,26,1,1715
2015,11,26,2,504
2015,11,26,3,23
2015,11,26,4,292
2015,11,26,5,1339
2015,11,26,6,2793
2015,11,26,7,4355
2015,11,26,8,5556
2015,11,26,9,6224
2015,11,26,10,6193
2015,11,26,11,5494
2015,11,26,12,4315
2015,11,26,13,3021
2015,11,26,14,1978
2015,11,26,15,1514
2015,11,26,16,1712
2015,11,26,17,2623
2015,11,26,18,3962
2015,11,26,19,5339
2015,11,26,20,6469
2015,11,26,21,7048
2015,11,26,22,6929
2015,11,26,23,5982
2015,11,27,0,4594
2015,11,27,1,2932
2015,11,27,2,1393
2015,11,27,3,318
2015,11,27,4,46
2015,11,27,5,541
2015,11,27,6,1725
2015,11,27,7,3265
2015,11,27,8,4734
2015,11,27,9,5851
2015,11,27,10,6341
2015,11,27,11,6158
2015,11,27,12,5278
2015,11,27,13,4101
2015,11,27,14,2843
2015,11,27,15,1952
2015,11,27,16,1662
2015,11,27,17,2064
2015,11,27,18,3031
2015,11,27,19,4417
2015,11,27,20,5664
2015,11,27,21,6693
2015,11,27,22,7032
2015,11,27,23,6729
2015,11,28,0,5650
2015,11,28,1,4205
2015,11,28,2,2600
2015,11,28,3,1198
2015,11,28,4,320
2015,11,28,5,251
2015,11,28,6,885
2015,11,28,7,2186
2015,11,28,8,3723
2015,11,28,9,5132
2015,11,28,10,6024
2015,11,28,11,6353
2015,11,28,12,6031
2015,11,28,13,5047
2015,11,28,14,3923
2015,11,28,15,2838
2015,11,28,16,2144
2015,11,28,17,2024
2015,11,28,18,2552
2015,11,28,19,3518
2015,11,28,20,4765
2015,11,28,21,5917
2015,11,28,22,6652
2015,11,28,23,6886
2015,11,29,0,6382
2015,11,29,1,5292
2015,11,29,2,3874
2015,11,29,3,2408
2015,11,29,4,1216
2015,11,29,5,574
2015,11,29,6,713
2015,11,29,7,1448
2015,11,29,8,2738
2015,11,29,9,4177
2015,11,29,10,5350
2015,11,29,11,6125
2015,11,29,12,6233
2015,11,29,13,5795
2015,11,29,14,4821
2015,11,29,15,3777
2015,11,29,16,2852
2015,11,29,17,2353
2015,11,29,18,2369
2015,11,29,19,2932
2015,11,29,20,3918
2015,11,29,21,4990
2015,11,29,22,5969
2015,11,29,23,6492
2015,11,30,0,6552
2015,11,30,1,5925
2015,11,30,2,4894
2015,11,30,3,3554
2015,11,30,4,2281
2015,11,30,5,1285
2015,11,30,6,937
2015,11,30,7,1223
2015,11,30,8,2089
2015,11,30,9,3334
2015,11,30,10,4550
2015,11,30,11,5530
2015,11,30,12,6032
2015,11,30,13,6013
2015,11,30,14,5474
2015,11,30,15,4632
2015,11,30,16,3732
2015,11,30,17,3015
2015,11,30,18,2654
2015,11,30,19,2764
2015,11,30,20,3321
2015,11,30,21,4147
2015,11,30,22,5070
2015,11,30,23,5893
2015,12,1,0,6287
2015,12,1,1,6189
2015,12,1,2,5562
2015,12,1,3,4590
2015,12,1,4,3440
2015,12,1,5,2411
2015,12,1,6,1743
2015,12,1,7,1564
2015,12,1,8,1949
2015,12,1,9,2776
2015,12,1,10,3875
2015,12,1,11,4847
2015,12,1,12,5632
2015,12,1,13,5966
2015,12,1,14,5887
2015,12,1,15,5407
2015,12,1,16,4679
2015,12,1,17,3882
2015,12,1,18,3370
2015,12,1,19,3001
2015,12,1,20,3144
2015,12,1,21,3619
2015,12,1,22,4302
2015,12,1,23,5106
2015,12,2,0,5707
2015,12,2,1,6008
2015,12,2,2,5844
2015,12,2,3,5314
2015,12,2,4,4466
2015,12,2,5,3599
2015,12,2,6,2710
2015,12,2,7,2246
2015,12,2,8,2128
2015,12,2,9,2565
2015,12,2,10,3173
2015,12,2,11,4073
2015,12,2,12,4837
2015,12,2,13,5431
2015,12,2,14,5751
2015,12,2,15,5663
2015,12,2,16,5196
2015,12,2,17,4601
2015,12,2,18,3955
2015,12,2,19,3427
2015,12,2,20,3175
2015,12,2,21,3274
2015,12,2,22,3764
2015,12,2,23,4250
2015,12,3,0,5050
2015,12,3,1,5355
2015,12,3,2,5520
2015,12,3,3,5325
2015,12,3,4,4961
2015,12,3,5,4283
2015,12,3,6,3655
2015,12,3,7,2932
2015,12,3,8,2630
2015,12,3,9,2461
2015,12,3,10,2869
2015,12,3,11,3415
2015,12,3,12,4271
2015,12,3,13,5002
2015,12,3,14,5564
2015,12,3,15,5847
2015,12,3,16,5707
2015,12,3,17,5321
2015,12,3,18,4710
2015,12,3,19,4117
2015,12,3,20,3554
2015,12,3,21,3334
2015,12,3,22,3307
2015,12,3,23,3635
2015,12,4,0,4125
2015,12,4,1,4657
2015,12,4,2,5097
2015,12,4,3,5313
2015,12,4,4,5256
2015,12,4,5,4923
2015,12,4,6,4374
2015,12,4,7,3763
2015,12,4,8,3196
2015,12,4,9,2825
2015,12,4,10,2802
2015,12,4,11,3060
2015,12,4,12,3662
2015,12,4,13,4349
2015,12,4,14,5074
2015,12,4,15,5615
2015,12,4,16,5838
2015,12,4,17,5744
2015,12,4,18,5341
2015,12,4,19,4671
2015,12,4,20,3996
2015,12,4,21,3415
2015,12,4,22,3057
2015,12,4,23,3014
2015,12,5,0,3243
2015,12,5,1,3708
2015,12,5,2,4239
2015,12,5,3,4734
2015,12,5,4,5028
2015,12,5,5,5066
2015,12,5,6,4824
2015,12,5,7,4395
2015,12,5,8,3831
2015,12,5,9,3313
2015,12,5,10,2949
2015,12,5,11,2948
2015,12,5,12,3159
2015,12,5,13,3785
2015,12,5,14,4619
2015,12,5,15,5190
2015,12,5,16,5679
2015,12,5,17,5961
2015,12,5,18,5912
2015,12,5,19,5426
2015,12,5,20,4818
2015,12,5,21,4023
2015,12,5,22,3393
2015,12,5,23,2919
2015,12,6,0,2918
2015,12,6,1,3119
2015,12,6,2,3697
2015,12,6,3,4382
2015,12,6,4,4978
2015,12,6,5,5397
2015,12,6,6,5416
2015,12,6,7,5121
2015,12,6,8,4667
2015,12,6,9,4054
2015,12,6,10,3539
2015,12,6,11,3242
2015,12,6,12,3179
2015,12,6,13,3516
2015,12,6,14,4110
2015,12,6,15,4827
2015,12,6,16,5498
2015,12,6,17,6150
2015,12,6,18,6351
2015,12,6,19,6270
2015,12,6,20,5704
2015,12,6,21,4857
2015,12,6,22,3900
2015,12,6,23,3226
2015,12,7,0,2663
2015,12,7,1,2655
2015,12,7,2,2974
2015,12,7,3,3658
2015,12,7,4,4419
2015,12,7,5,5137
2015,12,7,6,5544
2015,12,7,7,5622
2015,12,7,8,5332
2015,12,7,9,4752
2015,12,7,10,4045
2015,12,7,11,3393
2015,12,7,12,3026
2015,12,7,13,3005
2015,12,7,14,3419
2015,12,7,15,4161
2015,12,7,16,4984
2015,12,7,17,5785
2015,12,7,18,6235
2015,12,7,19,6300
2015,12,7,20,5931
2015,12,7,21,5180
2015,12,7,22,4213
2015,12,7,23,3278
2015,12,8,0,2486
2015,12,8,1,2170
2015,12,8,2,2230
2015,12,8,3,2746
2015,12,8,4,3555
2015,12,8,5,4456
2015,12,8,6,5218
2015,12,8,7,5713
2015,12,8,8,5754
2015,12,8,9,5361
2015,12,8,10,4694
2015,12,8,11,3871
2015,12,8,12,3271
2015,12,8,13,2970
2015,12,8,14,3192
2015,12,8,15,3868
2015,12,8,16,4770
2015,12,8,17,5675
2015,12,8,18,6365
2015,12,8,19,6723
2015,12,8,20,6549
2015,12,8,21,5970
2015,12,8,22,5044
2015,12,8,23,3918
2015,12,9,0,2916
2015,12,9,1,2202
2015,12,9,2,1905
2015,12,9,3,2193
2015,12,9,4,2879
2015,12,9,5,3914
2015,12,9,6,4893
2015,12,9,7,5682
2015,12,9,8,6069
2015,12,9,9,5881
2015,12,9,10,5314
2015,12,9,11,4496
2015,12,9,12,3579
2015,12,9,13,3004
2015,12,9,14,2827
2015,12,9,15,3179
2015,12,9,16,3941
2015,12,9,17,4941
2015,12,9,18,5918
2015,12,9,19,6577
2015,12,9,20,6816
2015,12,9,21,6415
2015,12,9,22,5581
2015,12,9,23,4399
2015,12,10,0,3220
2015,12,10,1,2205
2015,12,10,2,1632
2015,12,10,3,1612
2015,12,10,4,2157
2015,12,10,5,3058
2015,12,10,6,4214
2015,12,10,7,5205
2015,12,10,8,5934
2015,12,10,9,6144
2015,12,10,10,5906
2015,12,10,11,5092
2015,12,10,12,4168
2015,12,10,13,3251
2015,12,10,14,2776
2015,12,10,15,2765
2015,12,10,16,3337
2015,12,10,17,4346
2015,12,10,18,5494
2015,12,10,19,6482
2015,12,10,20,6993
2015,12,10,21,6988
2015,12,10,22,6276
2015,12,10,23,5247
2015,12,11,0,3941
2015,12,11,1,2728
2015,12,11,2,1771
2015,12,11,3,1417
2015,12,11,4,1635
2015,12,11,5,2408
2015,12,11,6,3561
2015,12,11,7,4735
2015,12,11,8,5692
2015,12,11,9,6229
2015,12,11,10,6226
2015,12,11,11,5626
2015,12,11,12,4712
2015,12,11,13,3677
2015,12,11,14,2890
2015,12,11,15,2580
2015,12,11,16,2841
2015,12,11,17,3611
2015,12,11,18,4729
2015,12,11,19,5823
2015,12,11,20,6644
2015,12,11,21,6984
2015,12,11,22,6666
2015,12,11,23,5770
2015,12,12,0,4563
2015,12,12,1,3184
2015,12,12,2,1984
2015,12,12,3,1208
2015,12,12,4,1079
2015,12,12,5,1573
2015,12,12,6,2606
2015,12,12,7,3899
2015,12,12,8,5108
2015,12,12,9,5975
2015,12,12,10,6326
2015,12,12,11,6113
2015,12,12,12,5291
2015,12,12,13,4303
2015,12,12,14,3318
2015,12,12,15,2725
2015,12,12,16,2603
2015,12,12,17,3105
2015,12,12,18,4069
2015,12,12,19,5241
2015,12,12,20,6282
2015,12,12,21,6969
2015,12,12,22,7062
2015,12,12,23,6511
2015,12,13,0,5531
2015,12,13,1,4141
2015,12,13,2,2802
2015,12,13,3,1687
2015,12,13,4,1111
2015,12,13,5,1231
2015,12,13,6,1963
2015,12,13,7,3154
2015,12,13,8,4449
2015,12,13,9,5563
2015,12,13,10,6237
2015,12,13,11,6331
2015,12,13,12,5847
2015,12,13,13,4875
2015,12,13,14,3829
2015,12,13,15,2904
2015,12,13,16,2431
2015,12,13,17,2507
2015,12,13,18,3129
2015,12,13,19,4201
2015,12,13,20,5335
2015,12,13,21,6248
2015,12,13,22,6757
2015,12,13,23,6637
2015,12,14,0,5877
2015,12,14,1,4720
2015,12,14,2,3319
2015,12,14,3,2011
2015,12,14,4,1094
2015,12,14,5,759
2015,12,14,6,1164
2015,12,14,7,2061
2015,12,14,8,3400
2015,12,14,9,4625
2015,12,14,10,5598
2015,12,14,11,6052
2015,12,14,12,6001
2015,12,14,13,5295
2015,12,14,14,4336
2015,12,14,15,3289
2015,12,14,16,2576
2015,12,14,17,2249
2015,12,14,18,2532
2015,12,14,19,3274
2015,12,14,20,4384
2015,12,14,21,5466
2015,12,14,22,6297
2015,12,14,23,6615
2015,12,15,0,6337
2015,12,15,1,5448
2015,12,15,2,4227
2015,12,15,3,2847
2015,12,15,4,1706
2015,12,15,5,941
2015,12,15,6,929
2015,12,15,7,1431
2015,12,15,8,2525
2015,12,15,9,3767
2015,12,15,10,4902
2015,12,15,11,5706
2015,12,15,12,6000
2015,12,15,13,5758
2015,12,15,14,4970
2015,12,15,15,4038
2015,12,15,16,3056
2015,12,15,17,2462
2015,12,15,18,2257
2015,12,15,19,2643
2015,12,15,20,3407
2015,12,15,21,4476
2015,12,15,22,5416
2015,12,15,23,6069
2015,12,16,0,6226
2015,12,16,1,5799
2015,12,16,2,4863
2015,12,16,3,3680
2015,12,16,4,2446
2015,12,16,5,1472
2015,12,16,6,945
2015,12,16,7,1080
2015,12,16,8,1765
2015,12,16,9,2858
2015,12,16,10,4082
2015,12,16,11,5105
2015,12,16,12,5719
2015,12,16,13,5901
2015,12,16,14,5545
2015,12,16,15,4746
2015,12,16,16,3881
2015,12,16,17,3032
2015,12,16,18,2518
2015,12,16,19,2450
2015,12,16,20,2820
2015,12,16,21,3619
2015,12,16,22,4532
2015,12,16,23,5404
2015,12,17,0,5962
2015,12,17,1,6089
2015,12,17,2,5622
2015,12,17,3,4762
2015,12,17,4,3647
2015,12,17,5,2579
2015,12,17,6,1776
2015,12,17,7,1468
2015,12,17,8,1713
2015,12,17,9,2427
2015,12,17,10,3497
2015,12,17,11,4573
2015,12,17,12,5482
2015,12,17,13,6040
2015,12,17,14,6166
2015,12,17,15,5804
2015,12,17,16,5120
2015,12,17,17,4227
2015,12,17,18,3439
2015,12,17,19,2890
2015,12,17,20,2789
2015,12,17,21,3086
2015,12,17,22,3810
2015,12,17,23,4653
2015,12,18,0,5444
2015,12,18,1,5921
2015,12,18,2,5976
2015,12,18,3,5498
2015,12,18,4,4717
2015,12,18,5,3712
2015,12,18,6,2799
2015,12,18,7,2110
2015,12,18,8,1921
2015,12,18,9,2213
2015,12,18,10,2865
2015,12,18,11,3866
2015,12,18,12,4780
2015,12,18,13,5562
2015,12,18,14,6059
2015,12,18,15,6140
2015,12,18,16,5771
2015,12,18,17,5089
2015,12,18,18,4256
2015,12,18,19,3428
2015,12,18,20,2870
2015,12,18,21,2631
2015,12,18,22,2895
2015,12,18,23,3458
2015,12,19,0,4292
2015,12,19,1,5040
2015,12,19,2,5525
2015,12,19,3,5636
2015,12,19,4,5313
2015,12,19,5,4645
2015,12,19,6,3802
2015,12,19,7,2997
2015,12,19,8,2382
2015,12,19,9,2224
2015,12,19,10,2460
2015,12,19,11,3094
2015,12,19,12,3958
2015,12,19,13,4871
2015,12,19,14,5663
2015,12,19,15,6144
2015,12,19,16,6309
2015,12,19,17,5970
2015,12,19,18,5310
2015,12,19,19,4448
2015,12,19,20,3559
2015,12,19,21,2886
2015,12,19,22,2590
2015,12,19,23,2728
2015,12,20,0,3317
2015,12,20,1,4184
2015,12,20,2,5010
2015,12,20,3,5565
2015,12,20,4,5803
2015,12,20,5,5523
2015,12,20,6,4897
2015,12,20,7,4161
2015,12,20,8,3369
2015,12,20,9,2785
2015,12,20,10,2598
2015,12,20,11,2724
2015,12,20,12,3271
2015,12,20,13,4074
2015,12,20,14,4938
2015,12,20,15,5777
2015,12,20,16,6367
2015,12,20,17,6489
2015,12,20,18,6169
2015,12,20,19,5409
2015,12,20,20,4376
2015,12,20,21,3342
2015,12,20,22,2512
2015,12,20,23,2120
2015,12,21,0,2201
2015,12,21,1,2775
2015,12,21,2,3640
2015,12,21,3,4547
2015,12,21,4,5241
2015,12,21,5,5620
2015,12,21,6,5546
2015,12,21,7,5081
2015,12,21,8,4369
2015,12,21,9,3543
2015,12,21,10,2886
2015,12,21,11,2559
2015,12,21,12,2656
2015,12,21,13,3182
2015,12,21,14,4078
2015,12,21,15,5062
2015,12,21,16,5954
2015,12,21,17,6556
2015,12,21,18,6689
2015,12,21,19,6258
2015,12,21,20,5433
2015,12,21,21,4266
2015,12,21,22,3116
2015,12,21,23,2179
2015,12,22,0,1691
2015,12,22,1,1759
2015,12,22,2,2337
2015,12,22,3,3326
2015,12,22,4,4368
2015,12,22,5,5233
2015,12,22,6,5737
2015,12,22,7,5727
2015,12,22,8,5282
2015,12,22,9,4504
2015,12,22,10,3644
2015,12,22,11,2883
2015,12,22,12,2544
2015,12,22,13,2597
2015,12,22,14,3186
2015,12,22,15,4119
2015,12,22,16,5203
2015,12,22,17,6150
2015,12,22,18,6801
2015,12,22,19,6914
2015,12,22,20,6412
2015,12,22,21,5425
2015,12,22,22,4135
2015,12,22,23,2814
2015,12,23,0,1795
2015,12,23,1,1248
2015,12,23,2,1377
2015,12,23,3,2088
2015,12,23,4,3194
2015,12,23,5,4414
2015,12,23,6,5373
2015,12,23,7,5928
2015,12,23,8,5950
2015,12,23,9,5495
2015,12,23,10,4618
2015,12,23,11,3665
2015,12,23,12,2826
2015,12,23,13,2406
2015,12,23,14,2498
2015,12,23,15,3121
2015,12,23,16,4203
2015,12,23,17,5359
2015,12,23,18,6381
2015,12,23,19,7007
2015,12,23,20,7048
2015,12,23,21,6364
2015,12,23,22,5212
2015,12,23,23,3757
2015,12,24,0,2359
2015,12,24,1,1273
2015,12,24,2,799
2015,12,24,3,1063
2015,12,24,4,1907
2015,12,24,5,3187
2015,12,24,6,4513
2015,12,24,7,5554
2015,12,24,8,6132
2015,12,24,9,6084
2015,12,24,10,5520
2015,12,24,11,4536
2015,12,24,12,3471
2015,12,24,13,2582
2015,12,24,14,2194
2015,12,24,15,2372
2015,12,24,16,3106
2015,12,24,17,4314
2015,12,24,18,5530
2015,12,24,19,6582
2015,12,24,20,7071
2015,12,24,21,6964
2015,12,24,22,6075
2015,12,24,23,4798
2015,12,25,0,3235
2015,12,25,1,1810
2015,12,25,2,725
2015,12,25,3,404
2015,12,25,4,790
2015,12,25,5,1863
2015,12,25,6,3287
2015,12,25,7,4684
2015,12,25,8,5731
2015,12,25,9,6181
2015,12,25,10,6070
2015,12,25,11,5275
2015,12,25,12,4178
2015,12,25,13,3040
2015,12,25,14,2189
2015,12,25,15,1931
2015,12,25,16,2233
2015,12,25,17,3189
2015,12,25,18,4460
2015,12,25,19,5699
2015,12,25,20,6601
2015,12,25,21,6985
2015,12,25,22,6679
2015,12,25,23,5622
2015,12,26,0,4259
2015,12,26,1,2677
2015,12,26,2,1326
2015,12,26,3,456
2015,12,26,4,303
2015,12,26,5,953
2015,12,26,6,2138
2015,12,26,7,3647
2015,12,26,8,5016
2015,12,26,9,5968
2015,12,26,10,6345
2015,12,26,11,6115
2015,12,26,12,5179
2015,12,26,13,4109
2015,12,26,14,2991
2015,12,26,15,2308
2015,12,26,16,2222
2015,12,26,17,2773
2015,12,26,18,3808
2015,12,26,19,5140
2015,12,26,20,6310
2015,12,26,21,7069
2015,12,26,22,7210
2015,12,26,23,6623
2015,12,27,0,5498
2015,12,27,1,3991
2015,12,27,2,2481
2015,12,27,3,1196
2015,12,27,4,550
2015,12,27,5,667
2015,12,27,6,1485
2015,12,27,7,2786
2015,12,27,8,4292
2015,12,27,9,5511
2015,12,27,10,6294
2015,12,27,11,6422
2015,12,27,12,5956
2015,12,27,13,4886
2015,12,27,14,3737
2015,12,27,15,2722
2015,12,27,16,2192
2015,12,27,17,2254
2015,12,27,18,2925
2015,12,27,19,3991
2015,12,27,20,5182
2015,12,27,21,6201
2015,12,27,22,6785
2015,12,27,23,6794
2015,12,28,0,6073
2015,12,28,1,4911
2015,12,28,2,3436
2015,12,28,3,1996
2015,12,28,4,953
2015,12,28,5,529
2015,12,28,6,909
2015,12,28,7,1880
2015,12,28,8,3285
2015,12,28,9,4675
2015,12,28,10,5723
2015,12,28,11,6279
2015,12,28,12,6166
2015,12,28,13,5444
2015,12,28,14,4419
2015,12,28,15,3303
2015,12,28,16,2498
2015,12,28,17,2152
2015,12,28,18,2367
2015,12,28,19,3123
2015,12,28,20,4183
2015,12,28,21,5260
2015,12,28,22,6142
2015,12,28,23,6511
2015,12,29,0,6342
2015,12,29,1,5498
2015,12,29,2,4318
2015,12,29,3,2920
2015,12,29,4,1781
2015,12,29,5,980
2015,12,29,6,946
2015,12,29,7,1442
2015,12,29,8,2540
2015,12,29,9,3856
2015,12,29,10,5035
2015,12,29,11,5880
2015,12,29,12,6172
2015,12,29,13,5942
2015,12,29,14,5071
2015,12,29,15,4099
2015,12,29,16,3106
2015,12,29,17,2478
2015,12,29,18,2314
2015,12,29,19,2650
2015,12,29,20,3392
2015,12,29,21,4377
2015,12,29,22,5306
2015,12,29,23,5963
2015,12,30,0,6135
2015,12,30,1,5761
2015,12,30,2,4915
2015,12,30,3,3738
2015,12,30,4,2605
2015,12,30,5,1639
2015,12,30,6,1179
2015,12,30,7,1318
2015,12,30,8,1955
2015,12,30,9,3039
2015,12,30,10,4192
2015,12,30,11,5191
2015,12,30,12,5788
2015,12,30,13,5904
2015,12,30,14,5502
2015,12,30,15,4661
2015,12,30,16,3748
2015,12,30,17,2952
2015,12,30,18,2479
2015,12,30,19,2429
2015,12,30,20,2834
2015,12,30,21,3551
2015,12,30,22,4410
2015,12,30,23,5124
2015,12,31,0,5583
2015,12,31,1,5603
2015,12,31,2,5176
2015,12,31,3,4380
2015,12,31,4,3390
2015,12,31,5,2471
2015,12,31,6,1755
2015,12,31,7,1534
2015,12,31,8,1785
2015,12,31,9,2477
2015,12,31,10,3506
2015,12,31,11,4505
2015,12,31,12,5314
2015,12,31,13,5688
2015,12,31,14,5696
2015,12,31,15,5188
2015,12,31,16,4469
2015,12,31,17,3680
2015,12,31,18,3002
2015,12,31,19,2670
2015,12,31,20,2680
2015,12,31,21,3040
2015,12,31,22,3649
2015,12,31,23,4409
2016,1,1,0,4972
2016,1,1,1,5338
2016,1,1,2,5257
2016,1,1,3,4818
2016,1,1,4,4115
2016,1,1,5,3342
2016,1,1,6,2578
2016,1,1,7,2067
2016,1,1,8,2007
2016,1,1,9,2311
2016,1,1,10,3014
2016,1,1,11,3908
2016,1,1,12,4720
2016,1,1,13,5342
2016,1,1,14,5655
2016,1,1,15,5552
2016,1,1,16,5046
2016,1,1,17,4453
2016,1,1,18,3696
2016,1,1,19,3167
2016,1,1,20,2866
2016,1,1,21,2846
2016,1,1,22,3146
2016,1,1,23,3716
2016,1,2,0,4314
2016,1,2,1,4800
2016,1,2,2,5065
2016,1,2,3,4986
2016,1,2,4,4621
2016,1,2,5,4038
2016,1,2,6,3379
2016,1,2,7,2829
2016,1,2,8,2484
2016,1,2,9,2516
2016,1,2,10,2877
2016,1,2,11,3487
2016,1,2,12,4267
2016,1,2,13,4950
2016,1,2,14,5402
2016,1,2,15,5612
2016,1,2,16,5432
2016,1,2,17,5008
2016,1,2,18,4396
2016,1,2,19,3771
2016,1,2,20,3212
2016,1,2,21,2893
2016,1,2,22,2847
2016,1,2,23,3030
2016,1,3,0,3551
2016,1,3,1,4081
2016,1,3,2,4500
2016,1,3,3,4806
2016,1,3,4,4732
2016,1,3,5,4431
2016,1,3,6,3988
2016,1,3,7,3426
2016,1,3,8,2960
2016,1,3,9,2722
2016,1,3,10,2711
2016,1,3,11,3092
2016,1,3,12,3633
2016,1,3,13,4291
2016,1,3,14,4913
2016,1,3,15,5351
2016,1,3,16,5544
2016,1,3,17,5422
2016,1,3,18,4991
2016,1,3,19,4355
2016,1,3,20,3725
2016,1,3,21,3106
2016,1,3,22,2759
2016,1,3,23,2663
2016,1,4,0,2891
2016,1,4,1,3337
2016,1,4,2,3898
2016,1,4,3,4391
2016,1,4,4,4672
2016,1,4,5,4770
2016,1,4,6,4576
2016,1,4,7,4177
2016,1,4,8,3686
2016,1,4,9,3229
2016,1,4,10,2959
2016,1,4,11,2959
2016,1,4,12,3261
2016,1,4,13,3811
2016,1,4,14,4462
2016,1,4,15,5090
2016,1,4,16,5535
2016,1,4,17,5671
2016,1,4,18,5491
2016,1,4,19,5044
2016,1,4,20,4363
2016,1,4,21,3636
2016,1,4,22,3000
2016,1,4,23,2570
2016,1,5,0,2462
2016,1,5,1,2684
2016,1,5,2,3128
2016,1,5,3,3778
2016,1,5,4,4328
2016,1,5,5,4798
2016,1,5,6,4938
2016,1,5,7,4792
2016,1,5,8,4379
2016,1,5,9,3854
2016,1,5,10,3360
2016,1,5,11,3097
2016,1,5,12,3046
2016,1,5,13,3340
2016,1,5,14,3906
2016,1,5,15,4635
2016,1,5,16,5296
2016,1,5,17,5781
2016,1,5,18,5957
2016,1,5,19,5703
2016,1,5,20,5143
2016,1,5,21,4299
2016,1,5,22,3463
2016,1,5,23,2696
2016,1,6,0,2276
2016,1,6,1,2215
2016,1,6,2,2507
2016,1,6,3,3117
2016,1,6,4,3840
2016,1,6,5,4519
2016,1,6,6,4990
2016,1,6,7,5195
2016,1,6,8,5029
2016,1,6,9,4578
2016,1,6,10,3969
2016,1,6,11,3409
2016,1,6,12,3022
2016,1,6,13,3002
2016,1,6,14,3323
2016,1,6,15,4022
2016,1,6,16,4844
2016,1,6,17,5583
2016,1,6,18,6082
2016,1,6,19,6156
2016,1,6,20,5735
2016,1,6,21,4994
2016,1,6,22,4018
2016,1,6,23,3060
2016,1,7,0,2265
2016,1,7,1,1847
2016,1,7,2,1842
2016,1,7,3,2292
2016,1,7,4,3088
2016,1,7,5,3953
2016,1,7,6,4734
2016,1,7,7,5258
2016,1,7,8,5405
2016,1,7,9,5168
2016,1,7,10,4533
2016,1,7,11,3792
2016,1,7,12,3145
2016,1,7,13,2773
2016,1,7,14,2854
2016,1,7,15,3337
2016,1,7,16,4181
2016,1,7,17,5136
2016,1,7,18,5904
2016,1,7,19,6325
2016,1,7,20,6237
2016,1,7,21,5646
2016,1,7,22,4715
2016,1,7,23,3576
2016,1,8,0,2536
2016,1,8,1,1721
2016,1,8,2,1364
2016,1,8,3,1561
2016,1,8,4,2213
2016,1,8,5,3215
2016,1,8,6,4272
2016,1,8,7,5111
2016,1,8,8,5616
2016,1,8,9,5663
2016,1,8,10,5177
2016,1,8,11,4373
2016,1,8,12,3503
2016,1,8,13,2802
2016,1,8,14,2575
2016,1,8,15,2782
2016,1,8,16,3559
2016,1,8,17,4549
2016,1,8,18,5612
2016,1,8,19,6346
2016,1,8,20,6678
2016,1,8,21,6425
2016,1,8,22,5635
2016,1,8,23,4496
2016,1,9,0,3229
2016,1,9,1,2074
2016,1,9,2,1315
2016,1,9,3,1139
2016,1,9,4,1568
2016,1,9,5,2478
2016,1,9,6,3707
2016,1,9,7,4795
2016,1,9,8,5661
2016,1,9,9,6020
2016,1,9,10,5861
2016,1,9,11,5156
2016,1,9,12,4226
2016,1,9,13,3232
2016,1,9,14,2623
2016,1,9,15,2470
2016,1,9,16,2922
2016,1,9,17,3823
2016,1,9,18,4939
2016,1,9,19,5974
2016,1,9,20,6644
2016,1,9,21,6859
2016,1,9,22,6330
2016,1,9,23,5331
2016,1,10,0,3990
2016,1,10,1,2644
2016,1,10,2,1466
2016,1,10,3,862
2016,1,10,4,905
2016,1,10,5,1616
2016,1,10,6,2746
2016,1,10,7,4093
2016,1,10,8,5239
2016,1,10,9,5953
2016,1,10,10,6187
2016,1,10,11,5759
2016,1,10,12,4821
2016,1,10,13,3756
2016,1,10,14,2767
2016,1,10,15,2273
2016,1,10,16,2333
2016,1,10,17,2998
2016,1,10,18,4138
2016,1,10,19,5391
2016,1,10,20,6380
2016,1,10,21,6960
2016,1,10,22,6889
2016,1,10,23,6171
2016,1,11,0,4997
2016,1,11,1,3523
2016,1,11,2,2152
2016,1,11,3,1045
2016,1,11,4,703
2016,1,11,5,1027
2016,1,11,6,1998
2016,1,11,7,3319
2016,1,11,8,4704
2016,1,11,9,5840
2016,1,11,10,6433
2016,1,11,11,6422
2016,1,11,12,5692
2016,1,11,13,4660
2016,1,11,14,3461
2016,1,11,15,2585
2016,1,11,16,2205
2016,1,11,17,2531
2016,1,11,18,3349
2016,1,11,19,4601
2016,1,11,20,5828
2016,1,11,21,6848
2016,1,11,22,7216
2016,1,11,23,7035
2016,1,12,0,5994
2016,1,12,1,4597
2016,1,12,2,3080
2016,1,12,3,1753
2016,1,12,4,903
2016,1,12,5,860
2016,1,12,6,1361
2016,1,12,7,2543
2016,1,12,8,3989
2016,1,12,9,5329
2016,1,12,10,6241
2016,1,12,11,6660
2016,1,12,12,6434
2016,1,12,13,5516
2016,1,12,14,4373
2016,1,12,15,3218
2016,1,12,16,2442
2016,1,12,17,2282
2016,1,12,18,2724
2016,1,12,19,3713
2016,1,12,20,4962
2016,1,12,21,6140
2016,1,12,22,6936
2016,1,12,23,7202
2016,1,13,0,6739
2016,1,13,1,5675
2016,1,13,2,4239
2016,1,13,3,2854
2016,1,13,4,1628
2016,1,13,5,1068
2016,1,13,6,1205
2016,1,13,7,1988
2016,1,13,8,3221
2016,1,13,9,4667
2016,1,13,10,5894
2016,1,13,11,6643
2016,1,13,12,6872
2016,1,13,13,6345
2016,1,13,14,5268
2016,1,13,15,4046
2016,1,13,16,2948
2016,1,13,17,2304
2016,1,13,18,2256
2016,1,13,19,2822
2016,1,13,20,3860
2016,1,13,21,5085
2016,1,13,22,6119
2016,1,13,23,6766
2016,1,14,0,6797
2016,1,14,1,6160
2016,1,14,2,5073
2016,1,14,3,3689
2016,1,14,4,2373
2016,1,14,5,1366
2016,1,14,6,1001
2016,1,14,7,1309
2016,1,14,8,2241
2016,1,14,9,3584
2016,1,14,10,4920
2016,1,14,11,5996
2016,1,14,12,6516
2016,1,14,13,6498
2016,1,14,14,5784
2016,1,14,15,4784
2016,1,14,16,3587
2016,1,14,17,2636
2016,1,14,18,2081
2016,1,14,19,2106
2016,1,14,20,2730
2016,1,14,21,3734
2016,1,14,22,4879
2016,1,14,23,5826
2016,1,15,0,6328
2016,1,15,1,6263
2016,1,15,2,5581
2016,1,15,3,4534
2016,1,15,4,3283
2016,1,15,5,2157
2016,1,15,6,1437
2016,1,15,7,1304
2016,1,15,8,1768
2016,1,15,9,2721
2016,1,15,10,3983
2016,1,15,11,5139
2016,1,15,12,6017
2016,1,15,13,6434
2016,1,15,14,6262
2016,1,15,15,5546
2016,1,15,16,4569
2016,1,15,17,3494
2016,1,15,18,2643
2016,1,15,19,2193
2016,1,15,20,2217
2016,1,15,21,2804
2016,1,15,22,3736
2016,1,15,23,4771
2016,1,16,0,5605
2016,1,16,1,5984
2016,1,16,2,5937
2016,1,16,3,5264
2016,1,16,4,4344
2016,1,16,5,3294
2016,1,16,6,2458
2016,1,16,7,1927
2016,1,16,8,1993
2016,1,16,9,2405
2016,1,16,10,3370
2016,1,16,11,4414
2016,1,16,12,5466
2016,1,16,13,6181
2016,1,16,14,6536
2016,1,16,15,6358
2016,1,16,16,5696
2016,1,16,17,4755
2016,1,16,18,3725
2016,1,16,19,2890
2016,1,16,20,2390
2016,1,16,21,2424
2016,1,16,22,2863
2016,1,16,23,3710
2016,1,17,0,4564
2016,1,17,1,5316
2016,1,17,2,5652
2016,1,17,3,5627
2016,1,17,4,5129
2016,1,17,5,4388
2016,1,17,6,3545
2016,1,17,7,2825
2016,1,17,8,2387
2016,1,17,9,2406
2016,1,17,10,2873
2016,1,17,11,3688
2016,1,17,12,4624
2016,1,17,13,5538
2016,1,17,14,6200
2016,1,17,15,6561
2016,1,17,16,6389
2016,1,17,17,5793
2016,1,17,18,4990
2016,1,17,19,3964
2016,1,17,20,3134
2016,1,17,21,2605
2016,1,17,22,2513
2016,1,17,23,2832
2016,1,18,0,3585
2016,1,18,1,4304
2016,1,18,2,5109
2016,1,18,3,5452
2016,1,18,4,5584
2016,1,18,5,5270
2016,1,18,6,4652
2016,1,18,7,3879
2016,1,18,8,3228
2016,1,18,9,2791
2016,1,18,10,2748
2016,1,18,11,3094
2016,1,18,12,3801
2016,1,18,13,4620
2016,1,18,14,5419
2016,1,18,15,6058
2016,1,18,16,6362
2016,1,18,17,6257
2016,1,18,18,5741
2016,1,18,19,4915
2016,1,18,20,3928
2016,1,18,21,3006
2016,1,18,22,2376
2016,1,18,23,2135
2016,1,19,0,2434
2016,1,19,1,3100
2016,1,19,2,3895
2016,1,19,3,4720
2016,1,19,4,5203
2016,1,19,5,5504
2016,1,19,6,5325
2016,1,19,7,4836
2016,1,19,8,4223
2016,1,19,9,3581
2016,1,19,10,3084
2016,1,19,11,2974
2016,1,19,12,3171
2016,1,19,13,3766
2016,1,19,14,4513
2016,1,19,15,5340
2016,1,19,16,6021
2016,1,19,17,6421
2016,1,19,18,6367
2016,1,19,19,5841
2016,1,19,20,4958
2016,1,19,21,3883
2016,1,19,22,2884
2016,1,19,23,2116
2016,1,20,0,1832
2016,1,20,1,2020
2016,1,20,2,2606
2016,1,20,3,3551
2016,1,20,4,4378
2016,1,20,5,5124
2016,1,20,6,5463
2016,1,20,7,5439
2016,1,20,8,4996
2016,1,20,9,4330
2016,1,20,10,3605
2016,1,20,11,3069
2016,1,20,12,2825
2016,1,20,13,3023
2016,1,20,14,3552
2016,1,20,15,4394
2016,1,20,16,5317
2016,1,20,17,6069
2016,1,20,18,6527
2016,1,20,19,6487
2016,1,20,20,5895
2016,1,20,21,4950
2016,1,20,22,3729
2016,1,20,23,2613
2016,1,21,0,1805
2016,1,21,1,1472
2016,1,21,2,1757
2016,1,21,3,2437
2016,1,21,4,3468
2016,1,21,5,4520
2016,1,21,6,5406
2016,1,21,7,5813
2016,1,21,8,5858
2016,1,21,9,5423
2016,1,21,10,4715
2016,1,21,11,3931
2016,1,21,12,3281
2016,1,21,13,2959
2016,1,21,14,3066
2016,1,21,15,3661
2016,1,21,16,4546
2016,1,21,17,5569
2016,1,21,18,6451
2016,1,21,19,6939
2016,1,21,20,6853
2016,1,21,21,6166
2016,1,21,22,5080
2016,1,21,23,3689
2016,1,22,0,2466
2016,1,22,1,1561
2016,1,22,2,1270
2016,1,22,3,1603
2016,1,22,4,2407
2016,1,22,5,3608
2016,1,22,6,4715
2016,1,22,7,5613
2016,1,22,8,6069
2016,1,22,9,6015
2016,1,22,10,5409
2016,1,22,11,4570
2016,1,22,12,3602
2016,1,22,13,2888
2016,1,22,14,2581
2016,1,22,15,2812
2016,1,22,16,3534
2016,1,22,17,4609
2016,1,22,18,5742
2016,1,22,19,6590
2016,1,22,20,7001
2016,1,22,21,6750
2016,1,22,22,5873
2016,1,22,23,4637
2016,1,23,0,3198
2016,1,23,1,1925
2016,1,23,2,1085
2016,1,23,3,926
2016,1,23,4,1406
2016,1,23,5,2456
2016,1,23,6,3786
2016,1,23,7,4977
2016,1,23,8,5863
2016,1,23,9,6203
2016,1,23,10,6013
2016,1,23,11,5175
2016,1,23,12,4195
2016,1,23,13,3129
2016,1,23,14,2450
2016,1,23,15,2251
2016,1,23,16,2670
2016,1,23,17,3567
2016,1,23,18,4798
2016,1,23,19,5896
2016,1,23,20,6708
2016,1,23,21,6935
2016,1,23,22,6516
2016,1,23,23,5522
2016,1,24,0,4157
2016,1,24,1,2738
2016,1,24,2,1473
2016,1,24,3,809
2016,1,24,4,802
2016,1,24,5,1571
2016,1,24,6,2778
2016,1,24,7,4214
2016,1,24,8,5416
2016,1,24,9,6173
2016,1,24,10,6370
2016,1,24,11,5944
2016,1,24,12,4950
2016,1,24,13,3813
2016,1,24,14,2775
2016,1,24,15,2157
2016,1,24,16,2182
2016,1,24,17,2779
2016,1,24,18,3883
2016,1,24,19,5129
2016,1,24,20,6197
2016,1,24,21,6838
2016,1,24,22,6875
2016,1,24,23,6241
2016,1,25,0,5067
2016,1,25,1,3656
2016,1,25,2,2237
2016,1,25,3,1152
2016,1,25,4,696
2016,1,25,5,1021
2016,1,25,6,1972
2016,1,25,7,3444
2016,1,25,8,4741
2016,1,25,9,5856
2016,1,25,10,6427
2016,1,25,11,6321
2016,1,25,12,5692
2016,1,25,13,4613
2016,1,25,14,3510
2016,1,25,15,2559
2016,1,25,16,2224
2016,1,25,17,2386
2016,1,25,18,3198
2016,1,25,19,4354
2016,1,25,20,5614
2016,1,25,21,6586
2016,1,25,22,7053
2016,1,25,23,6972
2016,1,26,0,6090
2016,1,26,1,4865
2016,1,26,2,3449
2016,1,26,3,2178
2016,1,26,4,1340
2016,1,26,5,1240
2016,1,26,6,1842
2016,1,26,7,2896
2016,1,26,8,4340
2016,1,26,9,5567
2016,1,26,10,6468
2016,1,26,11,6763
2016,1,26,12,6530
2016,1,26,13,5611
2016,1,26,14,4462
2016,1,26,15,3317
2016,1,26,16,2447
2016,1,26,17,2163
2016,1,26,18,2513
2016,1,26,19,3400
2016,1,26,20,4579
2016,1,26,21,5712
2016,1,26,22,6527
2016,1,26,23,6734
2016,1,27,0,6289
2016,1,27,1,5322
2016,1,27,2,3985
2016,1,27,3,2713
2016,1,27,4,1657
2016,1,27,5,1240
2016,1,27,6,1407
2016,1,27,7,2230
2016,1,27,8,3458
2016,1,27,9,4684
2016,1,27,10,5817
2016,1,27,11,6435
2016,1,27,12,6567
2016,1,27,13,6066
2016,1,27,14,5147
2016,1,27,15,4012
2016,1,27,16,3098
2016,1,27,17,2647
2016,1,27,18,2571
2016,1,27,19,3147
2016,1,27,20,4125
2016,1,27,21,5149
2016,1,27,22,5976
2016,1,27,23,6579
2016,1,28,0,6559
2016,1,28,1,5888
2016,1,28,2,4975
2016,1,28,3,3713
2016,1,28,4,2553
2016,1,28,5,1822
2016,1,28,6,1589
2016,1,28,7,2037
2016,1,28,8,2959
2016,1,28,9,4261
2016,1,28,10,5397
2016,1,28,11,6231
2016,1,28,12,6519
2016,1,28,13,6266
2016,1,28,14,5483
2016,1,28,15,4480
2016,1,28,16,3437
2016,1,28,17,2739
2016,1,28,18,2456
2016,1,28,19,2693
2016,1,28,20,3328
2016,1,28,21,4273
2016,1,28,22,5152
2016,1,28,23,5861
2016,1,29,0,6136
2016,1,29,1,5917
2016,1,29,2,5184
2016,1,29,3,4228
2016,1,29,4,3163
2016,1,29,5,2315
2016,1,29,6,1838
2016,1,29,7,1922
2016,1,29,8,2520
2016,1,29,9,3537
2016,1,29,10,4704
2016,1,29,11,5638
2016,1,29,12,6168
2016,1,29,13,6283
2016,1,29,14,5852
2016,1,29,15,5074
2016,1,29,16,4165
2016,1,29,17,3308
2016,1,29,18,2808
2016,1,29,19,2686
2016,1,29,20,3004
2016,1,29,21,3661
2016,1,29,22,4450
2016,1,29,23,5214
2016,1,30,0,5739
2016,1,30,1,5846
2016,1,30,2,5507
2016,1,30,3,4826
2016,1,30,4,3964
2016,1,30,5,3116
2016,1,30,6,2500
2016,1,30,7,2272
2016,1,30,8,2490
2016,1,30,9,3161
2016,1,30,10,4104
2016,1,30,11,5000
2016,1,30,12,5740
2016,1,30,13,6022
2016,1,30,14,5905
2016,1,30,15,5336
2016,1,30,16,4569
2016,1,30,17,3751
2016,1,30,18,3112
2016,1,30,19,2746
2016,1,30,20,2717
2016,1,30,21,3019
2016,1,30,22,3608
2016,1,30,23,4276
2016,1,31,0,4852
2016,1,31,1,5197
2016,1,31,2,5180
2016,1,31,3,4808
2016,1,31,4,4214
2016,1,31,5,3515
2016,1,31,6,2872
2016,1,31,7,2513
2016,1,31,8,2436
2016,1,31,9,2791
2016,1,31,10,3471
2016,1,31,11,4247
2016,1,31,12,4988
2016,1,31,13,5495
2016,1,31,14,5631
2016,1,31,15,5438
2016,1,31,16,4925
2016,1,31,17,4210
2016,1,31,18,3549
2016,1,31,19,2979
2016,1,31,20,2667
2016,1,31,21,2638
2016,1,31,22,2914
2016,1,31,23,3426
2016,2,1,0,4015
2016,2,1,1,4470
2016,2,1,2,4735
2016,2,1,3,4682
2016,2,1,4,4383
2016,2,1,5,3944
2016,2,1,6,3399
2016,2,1,7,2937
2016,2,1,8,2680
2016,2,1,9,2684
2016,2,1,10,3085
2016,2,1,11,3601
2016,2,1,12,4345
2016,2,1,13,4880
2016,2,1,14,5285
2016,2,1,15,5396
2016,2,1,16,5190
2016,2,1,17,4744
2016,2,1,18,4146
2016,2,1,19,3558
2016,2,1,20,3004
2016,2,1,21,2695
2016,2,1,22,2600
2016,2,1,23,2833
2016,2,2,0,3235
2016,2,2,1,3767
2016,2,2,2,4202
2016,2,2,3,4485
2016,2,2,4,4554
2016,2,2,5,4366
2016,2,2,6,4006
2016,2,2,7,3564
2016,2,2,8,3188
2016,2,2,9,2971
2016,2,2,10,3024
2016,2,2,11,3310
2016,2,2,12,3786
2016,2,2,13,4342
2016,2,2,14,4856
2016,2,2,15,5236
2016,2,2,16,5372
2016,2,2,17,5215
2016,2,2,18,4822
2016,2,2,19,4252
2016,2,2,20,3573
2016,2,2,21,3034
2016,2,2,22,2626
2016,2,2,23,2518
2016,2,3,0,2726
2016,2,3,1,3093
2016,2,3,2,3614
2016,2,3,3,4060
2016,2,3,4,4407
2016,2,3,5,4587
2016,2,3,6,4561
2016,2,3,7,4330
2016,2,3,8,3971
2016,2,3,9,3579
2016,2,3,10,3309
2016,2,3,11,3252
2016,2,3,12,3492
2016,2,3,13,3947
2016,2,3,14,4512
2016,2,3,15,5084
2016,2,3,16,5544
2016,2,3,17,5708
2016,2,3,18,5612
2016,2,3,19,5205
2016,2,3,20,4615
2016,2,3,21,3787
2016,2,3,22,3077
2016,2,3,23,2664
2016,2,4,0,2396
2016,2,4,1,2552
2016,2,4,2,2976
2016,2,4,3,3557
2016,2,4,4,4132
2016,2,4,5,4712
2016,2,4,6,4929
2016,2,4,7,4955
2016,2,4,8,4615
2016,2,4,9,4154
2016,2,4,10,3637
2016,2,4,11,3283
2016,2,4,12,3205
2016,2,4,13,3399
2016,2,4,14,3896
2016,2,4,15,4547
2016,2,4,16,5222
2016,2,4,17,5743
2016,2,4,18,6006
2016,2,4,19,5848
2016,2,4,20,5362
2016,2,4,21,4588
2016,2,4,22,3683
2016,2,4,23,2881
2016,2,5,0,2315
2016,2,5,1,2118
2016,2,5,2,2412
2016,2,5,3,2918
2016,2,5,4,3811
2016,2,5,5,4571
2016,2,5,6,5225
2016,2,5,7,5544
2016,2,5,8,5538
2016,2,5,9,5149
2016,2,5,10,4576
2016,2,5,11,3889
2016,2,5,12,3421
2016,2,5,13,3199
2016,2,5,14,3441
2016,2,5,15,3973
2016,2,5,16,4790
2016,2,5,17,5564
2016,2,5,18,6125
2016,2,5,19,6394
2016,2,5,20,6091
2016,2,5,21,5371
2016,2,5,22,4402
2016,2,5,23,3318
2016,2,6,0,2411
2016,2,6,1,1789
2016,2,6,2,1674
2016,2,6,3,2009
2016,2,6,4,2730
2016,2,6,5,3740
2016,2,6,6,4659
2016,2,6,7,5385
2016,2,6,8,5662
2016,2,6,9,5565
2016,2,6,10,4881
2016,2,6,11,4088
2016,2,6,12,3250
2016,2,6,13,2675
2016,2,6,14,2544
2016,2,6,15,2930
2016,2,6,16,3729
2016,2,6,17,4753
2016,2,6,18,5677
2016,2,6,19,6293
2016,2,6,20,6418
2016,2,6,21,5943
2016,2,6,22,5010
2016,2,6,23,3780
2016,2,7,0,2604
2016,2,7,1,1581
2016,2,7,2,1073
2016,2,7,3,1138
2016,2,7,4,1755
2016,2,7,5,2781
2016,2,7,6,4046
2016,2,7,7,5056
2016,2,7,8,5706
2016,2,7,9,5947
2016,2,7,10,5556
2016,2,7,11,4725
2016,2,7,12,3779
2016,2,7,13,2831
2016,2,7,14,2353
2016,2,7,15,2400
2016,2,7,16,2940
2016,2,7,17,3991
2016,2,7,18,5195
2016,2,7,19,6148
2016,2,7,20,6762
2016,2,7,21,6764
2016,2,7,22,6072
2016,2,7,23,4916
2016,2,8,0,3568
2016,2,8,1,2136
2016,2,8,2,1192
2016,2,8,3,731
2016,2,8,4,1110
2016,2,8,5,1986
2016,2,8,6,3351
2016,2,8,7,4663
2016,2,8,8,5745
2016,2,8,9,6270
2016,2,8,10,6244
2016,2,8,11,5561
2016,2,8,12,4505
2016,2,8,13,3341
2016,2,8,14,2375
2016,2,8,15,1991
2016,2,8,16,2177
2016,2,8,17,3026
2016,2,8,18,4276
2016,2,8,19,5563
2016,2,8,20,6561
2016,2,8,21,7051
2016,2,8,22,6882
2016,2,8,23,5900
2016,2,9,0,4576
2016,2,9,1,3005
2016,2,9,2,1604
2016,2,9,3,663
2016,2,9,4,511
2016,2,9,5,1039
2016,2,9,6,2315
2016,2,9,7,3789
2016,2,9,8,5189
2016,2,9,9,6178
2016,2,9,10,6501
2016,2,9,11,6202
2016,2,9,12,5207
2016,2,9,13,3936
2016,2,9,14,2687
2016,2,9,15,1804
2016,2,9,16,1596
2016,2,9,17,2016
2016,2,9,18,3093
2016,2,9,19,4535
2016,2,9,20,5828
2016,2,9,21,6813
2016,2,9,22,7108
2016,2,9,23,6710
2016,2,10,0,5553
2016,2,10,1,4115
2016,2,10,2,2521
2016,2,10,3,1290
2016,2,10,4,564
2016,2,10,5,714
2016,2,10,6,1598
2016,2,10,7,2999
2016,2,10,8,4590
2016,2,10,9,5902
2016,2,10,10,6687
2016,2,10,11,6806
2016,2,10,12,6225
2016,2,10,13,5014
2016,2,10,14,3622
2016,2,10,15,2362
2016,2,10,16,1552
2016,2,10,17,1495
2016,2,10,18,2159
2016,2,10,19,3362
2016,2,10,20,4891
2016,2,10,21,6168
2016,2,10,22,6979
2016,2,10,23,7143
2016,2,11,0,6498
2016,2,11,1,5101
2016,2,11,2,3561
2016,2,11,3,2031
2016,2,11,4,891
2016,2,11,5,522
2016,2,11,6,942
2016,2,11,7,2014
2016,2,11,8,3585
2016,2,11,9,5038
2016,2,11,10,6276
2016,2,11,11,6812
2016,2,11,12,6717
2016,2,11,13,5861
2016,2,11,14,4510
2016,2,11,15,3128
2016,2,11,16,1943
2016,2,11,17,1322
2016,2,11,18,1432
2016,2,11,19,2244
2016,2,11,20,3496
2016,2,11,21,4949
2016,2,11,22,6119
2016,2,11,23,6751
2016,2,12,0,6716
2016,2,12,1,5950
2016,2,12,2,4695
2016,2,12,3,3191
2016,2,12,4,1930
2016,2,12,5,1071
2016,2,12,6,992
2016,2,12,7,1647
2016,2,12,8,2815
2016,2,12,9,4274
2016,2,12,10,5731
2016,2,12,11,6642
2016,2,12,12,6964
2016,2,12,13,6678
2016,2,12,14,5573
2016,2,12,15,4266
2016,2,12,16,2887
2016,2,12,17,1832
2016,2,12,18,1351
2016,2,12,19,1681
2016,2,12,20,2473
2016,2,12,21,3785
2016,2,12,22,5047
2016,2,12,23,6036
2016,2,13,0,6460
2016,2,13,1,6290
2016,2,13,2,5382
2016,2,13,3,4235
2016,2,13,4,2934
2016,2,13,5,1878
2016,2,13,6,1276
2016,2,13,7,1420
2016,2,13,8,2111
2016,2,13,9,3347
2016,2,13,10,4675
2016,2,13,11,5853
2016,2,13,12,6562
2016,2,13,13,6716
2016,2,13,14,6238
2016,2,13,15,5189
2016,2,13,16,3973
2016,2,13,17,2802
2016,2,13,18,1964
2016,2,13,19,1668
2016,2,13,20,1950
2016,2,13,21,2725
2016,2,13,22,3914
2016,2,13,23,4986
2016,2,14,0,5822
2016,2,14,1,6151
2016,2,14,2,5915
2016,2,14,3,5088
2016,2,14,4,4027
2016,2,14,5,2955
2016,2,14,6,2131
2016,2,14,7,1845
2016,2,14,8,2026
2016,2,14,9,2759
2016,2,14,10,3817
2016,2,14,11,4939
2016,2,14,12,5853
2016,2,14,13,6406
2016,2,14,14,6477
2016,2,14,15,5968
2016,2,14,16,5109
2016,2,14,17,4048
2016,2,14,18,3053
2016,2,14,19,2344
2016,2,14,20,1860
2016,2,14,21,2200
2016,2,14,22,2733
2016,2,14,23,3823
2016,2,15,0,4728
2016,2,15,1,5464
2016,2,15,2,5687
2016,2,15,3,5451
2016,2,15,4,4765
2016,2,15,5,3913
2016,2,15,6,3091
2016,2,15,7,2491
2016,2,15,8,2300
2016,2,15,9,2508
2016,2,15,10,3131
2016,2,15,11,3992
2016,2,15,12,4887
2016,2,15,13,5650
2016,2,15,14,5988
2016,2,15,15,6064
2016,2,15,16,5620
2016,2,15,17,4896
2016,2,15,18,3947
2016,2,15,19,3090
2016,2,15,20,2345
2016,2,15,21,1993
2016,2,15,22,2057
2016,2,15,23,2647
2016,2,16,0,3414
2016,2,16,1,4343
2016,2,16,2,5090
2016,2,16,3,5393
2016,2,16,4,5353
2016,2,16,5,4936
2016,2,16,6,4184
2016,2,16,7,3611
2016,2,16,8,3109
2016,2,16,9,2962
2016,2,16,10,3144
2016,2,16,11,3644
2016,2,16,12,4233
2016,2,16,13,4971
2016,2,16,14,5546
2016,2,16,15,5979
2016,2,16,16,6064
2016,2,16,17,5800
2016,2,16,18,5197
2016,2,16,19,4376
2016,2,16,20,3447
2016,2,16,21,2667
2016,2,16,22,2135
2016,2,16,23,2091
2016,2,17,0,2451
2016,2,17,1,3175
2016,2,17,2,3975
2016,2,17,3,4660
2016,2,17,4,5074
2016,2,17,5,5173
2016,2,17,6,4945
2016,2,17,7,4474
2016,2,17,8,3888
2016,2,17,9,3421
2016,2,17,10,3148
2016,2,17,11,3144
2016,2,17,12,3472
2016,2,17,13,4012
2016,2,17,14,4678
2016,2,17,15,5350
2016,2,17,16,5852
2016,2,17,17,6090
2016,2,17,18,5909
2016,2,17,19,5369
2016,2,17,20,4544
2016,2,17,21,3609
2016,2,17,22,2724
2016,2,17,23,2178
2016,2,18,0,2010
2016,2,18,1,2325
2016,2,18,2,2957
2016,2,18,3,3842
2016,2,18,4,4607
2016,2,18,5,5212
2016,2,18,6,5491
2016,2,18,7,5385
2016,2,18,8,4926
2016,2,18,9,4351
2016,2,18,10,3733
2016,2,18,11,3323
2016,2,18,12,3189
2016,2,18,13,3411
2016,2,18,14,3916
2016,2,18,15,4655
2016,2,18,16,5415
2016,2,18,17,6001
2016,2,18,18,6338
2016,2,18,19,6225
2016,2,18,20,5653
2016,2,18,21,4756
2016,2,18,22,3705
2016,2,18,23,2710
2016,2,19,0,2026
2016,2,19,1,1761
2016,2,19,2,2046
2016,2,19,3,2752
2016,2,19,4,3754
2016,2,19,5,4693
2016,2,19,6,5438
2016,2,19,7,5758
2016,2,19,8,5715
2016,2,19,9,5212
2016,2,19,10,4481
2016,2,19,11,3705
2016,2,19,12,3131
2016,2,19,13,2915
2016,2,19,14,3079
2016,2,19,15,3741
2016,2,19,16,4577
2016,2,19,17,5483
2016,2,19,18,6183
2016,2,19,19,6523
2016,2,19,20,6384
2016,2,19,21,5716
2016,2,19,22,4672
2016,2,19,23,3497
2016,2,20,0,2423
2016,2,20,1,1710
2016,2,20,2,1494
2016,2,20,3,1956
2016,2,20,4,2765
2016,2,20,5,3920
2016,2,20,6,4961
2016,2,20,7,5715
2016,2,20,8,6021
2016,2,20,9,5839
2016,2,20,10,5119
2016,2,20,11,4189
2016,2,20,12,3297
2016,2,20,13,2618
2016,2,20,14,2403
2016,2,20,15,2688
2016,2,20,16,3443
2016,2,20,17,4465
2016,2,20,18,5511
2016,2,20,19,6247
2016,2,20,20,6579
2016,2,20,21,6270
2016,2,20,22,5433
2016,2,20,23,4272
2016,2,21,0,2981
2016,2,21,1,1898
2016,2,21,2,1247
2016,2,21,3,1269
2016,2,21,4,1889
2016,2,21,5,2965
2016,2,21,6,4220
2016,2,21,7,5298
2016,2,21,8,5993
2016,2,21,9,6179
2016,2,21,10,5870
2016,2,21,11,4981
2016,2,21,12,3964
2016,2,21,13,3014
2016,2,21,14,2404
2016,2,21,15,2333
2016,2,21,16,2823
2016,2,21,17,3722
2016,2,21,18,4887
2016,2,21,19,5948
2016,2,21,20,6651
2016,2,21,21,6881
2016,2,21,22,6376
2016,2,21,23,5306
2016,2,22,0,3878
2016,2,22,1,2600
2016,2,22,2,1443
2016,2,22,3,1049
2016,2,22,4,1276
2016,2,22,5,2173
2016,2,22,6,3400
2016,2,22,7,4699
2016,2,22,8,5703
2016,2,22,9,6219
2016,2,22,10,6166
2016,2,22,11,5462
2016,2,22,12,4445
2016,2,22,13,3260
2016,2,22,14,2373
2016,2,22,15,1837
2016,2,22,16,2019
2016,2,22,17,2660
2016,2,22,18,3785
2016,2,22,19,4961
2016,2,22,20,5965
2016,2,22,21,6490
2016,2,22,22,6465
2016,2,22,23,5708
2016,2,23,0,4531
2016,2,23,1,3159
2016,2,23,2,1881
2016,2,23,3,1076
2016,2,23,4,866
2016,2,23,5,1444
2016,2,23,6,2486
2016,2,23,7,3904
2016,2,23,8,5121
2016,2,23,9,6018
2016,2,23,10,6325
2016,2,23,11,6018
2016,2,23,12,5044
2016,2,23,13,3877
2016,2,23,14,2704
2016,2,23,15,1945
2016,2,23,16,1675
2016,2,23,17,2112
2016,2,23,18,2985
2016,2,23,19,4283
2016,2,23,20,5426
2016,2,23,21,6317
2016,2,23,22,6605
2016,2,23,23,6305
2016,2,24,0,5312
2016,2,24,1,4009
2016,2,24,2,2681
2016,2,24,3,1591
2016,2,24,4,1064
2016,2,24,5,1258
2016,2,24,6,2075
2016,2,24,7,3354
2016,2,24,8,4702
2016,2,24,9,5790
2016,2,24,10,6373
2016,2,24,11,6407
2016,2,24,12,5727
2016,2,24,13,4655
2016,2,24,14,3407
2016,2,24,15,2388
2016,2,24,16,1827
2016,2,24,17,1850
2016,2,24,18,2482
2016,2,24,19,3565
2016,2,24,20,4798
2016,2,24,21,5810
2016,2,24,22,6420
2016,2,24,23,6455
2016,2,25,0,5798
2016,2,25,1,4733
2016,2,25,2,3448
2016,2,25,3,2275
2016,2,25,4,1478
2016,2,25,5,1278
2016,2,25,6,1819
2016,2,25,7,2785
2016,2,25,8,4144
2016,2,25,9,5312
2016,2,25,10,6211
2016,2,25,11,6487
2016,2,25,12,6200
2016,2,25,13,5243
2016,2,25,14,4080
2016,2,25,15,2920
2016,2,25,16,2112
2016,2,25,17,1823
2016,2,25,18,2184
2016,2,25,19,2982
2016,2,25,20,4148
2016,2,25,21,5258
2016,2,25,22,6041
2016,2,25,23,6390
2016,2,26,0,6166
2016,2,26,1,5355
2016,2,26,2,4256
2016,2,26,3,3114
2016,2,26,4,2114
2016,2,26,5,1718
2016,2,26,6,1824
2016,2,26,7,2557
2016,2,26,8,3676
2016,2,26,9,4936
2016,2,26,10,5922
2016,2,26,11,6461
2016,2,26,12,6465
2016,2,26,13,5793
2016,2,26,14,4763
2016,2,26,15,3588
2016,2,26,16,2622
2016,2,26,17,2005
2016,2,26,18,2030
2016,2,26,19,2536
2016,2,26,20,3462
2016,2,26,21,4494
2016,2,26,22,5433
2016,2,26,23,5961
2016,2,27,0,6030
2016,2,27,1,5547
2016,2,27,2,4680
2016,2,27,3,3605
2016,2,27,4,2681
2016,2,27,5,2026
2016,2,27,6,1891
2016,2,27,7,2309
2016,2,27,8,3133
2016,2,27,9,4280
2016,2,27,10,5292
2016,2,27,11,6037
2016,2,27,12,6255
2016,2,27,13,5954
2016,2,27,14,5150
2016,2,27,15,4114
2016,2,27,16,3120
2016,2,27,17,2353
2016,2,27,18,2071
2016,2,27,19,2241
2016,2,27,20,2916
2016,2,27,21,3832
2016,2,27,22,4747
2016,2,27,23,5522
2016,2,28,0,5848
2016,2,28,1,5763
2016,2,28,2,5172
2016,2,28,3,4378
2016,2,28,4,3456
2016,2,28,5,2803
2016,2,28,6,2382
2016,2,28,7,2581
2016,2,28,8,3086
2016,2,28,9,4062
2016,2,28,10,4979
2016,2,28,11,5814
2016,2,28,12,6228
2016,2,28,13,6247
2016,2,28,14,5721
2016,2,28,15,4906
2016,2,28,16,3937
2016,2,28,17,3050
2016,2,28,18,2492
2016,2,28,19,2346
2016,2,28,20,2591
2016,2,28,21,3244
2016,2,28,22,4045
2016,2,28,23,4782
2016,2,29,0,5267
2016,3,1,0,4560
2016,3,1,1,4876
2016,3,1,2,4971
2016,3,1,3,4721
2016,3,1,4,4285
2016,3,1,5,3739
2016,3,1,6,3253
2016,3,1,7,2922
2016,3,1,8,2897
2016,3,1,9,3180
2016,3,1,10,3773
2016,3,1,11,4458
2016,3,1,12,5084
2016,3,1,13,5521
2016,3,1,14,5645
2016,3,1,15,5430
2016,3,1,16,4963
2016,3,1,17,4246
2016,3,1,18,3621
2016,3,1,19,3045
2016,3,1,20,2737
2016,3,1,21,2725
2016,3,1,22,2965
2016,3,1,23,3452
2016,3,2,0,4022
2016,3,2,1,4505
2016,3,2,2,4821
2016,3,2,3,4916
2016,3,2,4,4741
2016,3,2,5,4375
2016,3,2,6,3990
2016,3,2,7,3565
2016,3,2,8,3363
2016,3,2,9,3352
2016,3,2,10,3604
2016,3,2,11,4071
2016,3,2,12,4609
2016,3,2,13,5066
2016,3,2,14,5458
2016,3,2,15,5529
2016,3,2,16,5389
2016,3,2,17,4936
2016,3,2,18,4329
2016,3,2,19,3681
2016,3,2,20,3189
2016,3,2,21,2799
2016,3,2,22,2783
2016,3,2,23,2890
2016,3,3,0,3288
2016,3,3,1,3815
2016,3,3,2,4225
2016,3,3,3,4686
2016,3,3,4,4827
2016,3,3,5,4877
2016,3,3,6,4690
2016,3,3,7,4333
2016,3,3,8,3933
2016,3,3,9,3681
2016,3,3,10,3616
2016,3,3,11,3751
2016,3,3,12,4114
2016,3,3,13,4546
2016,3,3,14,5052
2016,3,3,15,5443
2016,3,3,16,5637
2016,3,3,17,5524
2016,3,3,18,5136
2016,3,3,19,4557
2016,3,3,20,3939
2016,3,3,21,3349
2016,3,3,22,2843
2016,3,3,23,2670
2016,3,4,0,2685
2016,3,4,1,3053
2016,3,4,2,3622
2016,3,4,3,4222
2016,3,4,4,4712
2016,3,4,5,5166
2016,3,4,6,5246
2016,3,4,7,5062
2016,3,4,8,4681
2016,3,4,9,4158
2016,3,4,10,3713
2016,3,4,11,3535
2016,3,4,12,3635
2016,3,4,13,3947
2016,3,4,14,4571
2016,3,4,15,5135
2016,3,4,16,5679
2016,3,4,17,5927
2016,3,4,18,5896
2016,3,4,19,5556
2016,3,4,20,4854
2016,3,4,21,4123
2016,3,4,22,3307
2016,3,4,23,2709
2016,3,5,0,2387
2016,3,5,1,2506
2016,3,5,2,2874
2016,3,5,3,3619
2016,3,5,4,4296
2016,3,5,5,4977
2016,3,5,6,5411
2016,3,5,7,5503
2016,3,5,8,5275
2016,3,5,9,4769
2016,3,5,10,4124
2016,3,5,11,3581
2016,3,5,12,3256
2016,3,5,13,3309
2016,3,5,14,3722
2016,3,5,15,4374
2016,3,5,16,5210
2016,3,5,17,5898
2016,3,5,18,6283
2016,3,5,19,6289
2016,3,5,20,5836
2016,3,5,21,4932
2016,3,5,22,4076
2016,3,5,23,3093
2016,3,6,0,2336
2016,3,6,1,1986
2016,3,6,2,2127
2016,3,6,3,2699
2016,3,6,4,3633
2016,3,6,5,4583
2016,3,6,6,5392
2016,3,6,7,5937
2016,3,6,8,6010
2016,3,6,9,5610
2016,3,6,10,4889
2016,3,6,11,4032
2016,3,6,12,3364
2016,3,6,13,2939
2016,3,6,14,3109
2016,3,6,15,3598
2016,3,6,16,4570
2016,3,6,17,5533
2016,3,6,18,6237
2016,3,6,19,6680
2016,3,6,20,6601
2016,3,6,21,5976
2016,3,6,22,5081
2016,3,6,23,3890
2016,3,7,0,2767
2016,3,7,1,1890
2016,3,7,2,1575
2016,3,7,3,1872
2016,3,7,4,2716
2016,3,7,5,3908
2016,3,7,6,5129
2016,3,7,7,6052
2016,3,7,8,6479
2016,3,7,9,6385
2016,3,7,10,5686
2016,3,7,11,4683
2016,3,7,12,3582
2016,3,7,13,2759
2016,3,7,14,2375
2016,3,7,15,2580
2016,3,7,16,3350
2016,3,7,17,4485
2016,3,7,18,5631
2016,3,7,19,6542
2016,3,7,20,6950
2016,3,7,21,6741
2016,3,7,22,5863
2016,3,7,23,4611
2016,3,8,0,3150
2016,3,8,1,1934
2016,3,8,2,1121
2016,3,8,3,1067
2016,3,8,4,1662
2016,3,8,5,2812
2016,3,8,6,4275
2016,3,8,7,5521
2016,3,8,8,6412
2016,3,8,9,6725
2016,3,8,10,6310
2016,3,8,11,5322
2016,3,8,12,4062
2016,3,8,13,2785
2016,3,8,14,1927
2016,3,8,15,1703
2016,3,8,16,2185
2016,3,8,17,3206
2016,3,8,18,4613
2016,3,8,19,5876
2016,3,8,20,6841
2016,3,8,21,7178
2016,3,8,22,6809
2016,3,8,23,5677
2016,3,9,0,4239
2016,3,9,1,2754
2016,3,9,2,1457
2016,3,9,3,787
2016,3,9,4,1010
2016,3,9,5,1889
2016,3,9,6,3357
2016,3,9,7,4937
2016,3,9,8,6247
2016,3,9,9,6961
2016,3,9,10,7088
2016,3,9,11,6342
2016,3,9,12,5046
2016,3,9,13,3565
2016,3,9,14,2230
2016,3,9,15,1404
2016,3,9,16,1336
2016,3,9,17,2039
2016,3,9,18,3282
2016,3,9,19,4853
2016,3,9,20,6212
2016,3,9,21,7072
2016,3,9,22,7292
2016,3,9,23,6632
2016,3,10,0,5362
2016,3,10,1,3777
2016,3,10,2,2272
2016,3,10,3,1099
2016,3,10,4,805
2016,3,10,5,1263
2016,3,10,6,2516
2016,3,10,7,4168
2016,3,10,8,5726
2016,3,10,9,6964
2016,3,10,10,7461
2016,3,10,11,7295
2016,3,10,12,6218
2016,3,10,13,4776
2016,3,10,14,3171
2016,3,10,15,1859
2016,3,10,16,1183
2016,3,10,17,1334
2016,3,10,18,2257
2016,3,10,19,3694
2016,3,10,20,5258
2016,3,10,21,6562
2016,3,10,22,7237
2016,3,10,23,7217
2016,3,11,0,6297
2016,3,11,1,4929
2016,3,11,2,3285
2016,3,11,3,1863
2016,3,11,4,969
2016,3,11,5,907
2016,3,11,6,1660
2016,3,11,7,3022
2016,3,11,8,4702
2016,3,11,9,6114
2016,3,11,10,7093
2016,3,11,11,7339
2016,3,11,12,6833
2016,3,11,13,5597
2016,3,11,14,4051
2016,3,11,15,2526
2016,3,11,16,1338
2016,3,11,17,908
2016,3,11,18,1274
2016,3,11,19,2314
2016,3,11,20,3853
2016,3,11,21,5351
2016,3,11,22,6558
2016,3,11,23,7085
2016,3,12,0,6951
2016,3,12,1,5918
2016,3,12,2,4597
2016,3,12,3,3073
2016,3,12,4,1916
2016,3,12,5,1324
2016,3,12,6,1566
2016,3,12,7,2442
2016,3,12,8,3885
2016,3,12,9,5385
2016,3,12,10,6667
2016,3,12,11,7379
2016,3,12,12,7459
2016,3,12,13,6688
2016,3,12,14,5411
2016,3,12,15,3893
2016,3,12,16,2460
2016,3,12,17,1504
2016,3,12,18,1273
2016,3,12,19,1729
2016,3,12,20,2697
2016,3,12,21,4231
2016,3,12,22,5476
2016,3,12,23,6472
2016,3,13,0,6849
2016,3,13,1,6545
2016,3,13,2,5547
2016,3,13,3,4315
2016,3,13,4,3011
2016,3,13,5,2117
2016,3,13,6,1760
2016,3,13,7,2189
2016,3,13,8,3073
2016,3,13,9,4447
2016,3,13,10,5725
2016,3,13,11,6733
2016,3,13,12,7220
2016,3,13,13,7089
2016,3,13,14,6212
2016,3,13,15,5040
2016,3,13,16,3638
2016,3,13,17,2408
2016,3,13,18,1610
2016,3,13,19,1475
2016,3,13,20,1975
2016,3,13,21,2984
2016,3,13,22,4268
2016,3,13,23,5405
2016,3,14,0,6165
2016,3,14,1,6387
2016,3,14,2,6054
2016,3,14,3,5126
2016,3,14,4,4080
2016,3,14,5,3086
2016,3,14,6,2453
2016,3,14,7,2344
2016,3,14,8,2784
2016,3,14,9,3644
2016,3,14,10,4756
2016,3,14,11,5769
2016,3,14,12,6518
2016,3,14,13,6790
2016,3,14,14,6566
2016,3,14,15,5797
2016,3,14,16,4726
2016,3,14,17,3546
2016,3,14,18,2495
2016,3,14,19,1850
2016,3,14,20,1752
2016,3,14,21,2181
2016,3,14,22,3077
2016,3,14,23,4114
2016,3,15,0,5060
2016,3,15,1,5664
2016,3,15,2,5797
2016,3,15,3,5486
2016,3,15,4,4823
2016,3,15,5,3966
2016,3,15,6,3229
2016,3,15,7,2749
2016,3,15,8,2668
2016,3,15,9,3024
2016,3,15,10,3711
2016,3,15,11,4578
2016,3,15,12,5381
2016,3,15,13,5975
2016,3,15,14,6204
2016,3,15,15,5948
2016,3,15,16,5321
2016,3,15,17,4440
2016,3,15,18,3422
2016,3,15,19,2523
2016,3,15,20,1981
2016,3,15,21,1807
2016,3,15,22,2168
2016,3,15,23,2809
2016,3,16,0,3672
2016,3,16,1,4433
2016,3,16,2,4970
2016,3,16,3,5158
2016,3,16,4,5018
2016,3,16,5,4564
2016,3,16,6,3983
2016,3,16,7,3402
2016,3,16,8,3024
2016,3,16,9,2884
2016,3,16,10,3055
2016,3,16,11,3566
2016,3,16,12,4183
2016,3,16,13,4871
2016,3,16,14,5419
2016,3,16,15,5663
2016,3,16,16,5572
2016,3,16,17,5115
2016,3,16,18,4365
2016,3,16,19,3518
2016,3,16,20,2685
2016,3,16,21,2099
2016,3,16,22,1861
2016,3,16,23,2009
2016,3,17,0,2504
2016,3,17,1,3259
2016,3,17,2,3982
2016,3,17,3,4596
2016,3,17,4,4924
2016,3,17,5,4945
2016,3,17,6,4672
2016,3,17,7,4183
2016,3,17,8,3648
2016,3,17,9,3192
2016,3,17,10,2970
2016,3,17,11,2979
2016,3,17,12,3323
2016,3,17,13,3861
2016,3,17,14,4504
2016,3,17,15,5057
2016,3,17,16,5436
2016,3,17,17,5484
2016,3,17,18,5181
2016,3,17,19,4604
2016,3,17,20,3792
2016,3,17,21,2941
2016,3,17,22,2264
2016,3,17,23,1881
2016,3,18,0,1930
2016,3,18,1,2352
2016,3,18,2,3088
2016,3,18,3,3894
2016,3,18,4,4580
2016,3,18,5,5075
2016,3,18,6,5216
2016,3,18,7,5012
2016,3,18,8,4524
2016,3,18,9,3946
2016,3,18,10,3363
2016,3,18,11,2990
2016,3,18,12,2890
2016,3,18,13,3093
2016,3,18,14,3657
2016,3,18,15,4335
2016,3,18,16,5055
2016,3,18,17,5533
2016,3,18,18,5731
2016,3,18,19,5494
2016,3,18,20,4907
2016,3,18,21,4036
2016,3,18,22,3126
2016,3,18,23,2329
2016,3,19,0,1904
2016,3,19,1,1891
2016,3,19,2,2312
2016,3,19,3,3077
2016,3,19,4,3976
2016,3,19,5,4814
2016,3,19,6,5377
2016,3,19,7,5608
2016,3,19,8,5398
2016,3,19,9,4802
2016,3,19,10,4056
2016,3,19,11,3313
2016,3,19,12,2818
2016,3,19,13,2624
2016,3,19,14,2891
2016,3,19,15,3506
2016,3,19,16,4384
2016,3,19,17,5206
2016,3,19,18,5774
2016,3,19,19,6025
2016,3,19,20,5771
2016,3,19,21,5059
2016,3,19,22,4079
2016,3,19,23,3057
2016,3,20,0,2129
2016,3,20,1,1692
2016,3,20,2,1761
2016,3,20,3,2280
2016,3,20,4,3246
2016,3,20,5,4249
2016,3,20,6,5182
2016,3,20,7,5774
2016,3,20,8,5939
2016,3,20,9,5594
2016,3,20,10,4814
2016,3,20,11,3898
2016,3,20,12,2995
2016,3,20,13,2454
2016,3,20,14,2337
2016,3,20,15,2744
2016,3,20,16,3544
2016,3,20,17,4568
2016,3,20,18,5451
2016,3,20,19,6086
2016,3,20,20,6248
2016,3,20,21,5879
2016,3,20,22,5030
2016,3,20,23,3960
2016,3,21,0,2849
2016,3,21,1,2012
2016,3,21,2,1641
2016,3,21,3,1863
2016,3,21,4,2597
2016,3,21,5,3749
2016,3,21,6,4815
2016,3,21,7,5748
2016,3,21,8,6237
2016,3,21,9,6217
2016,3,21,10,5635
2016,3,21,11,4658
2016,3,21,12,3562
2016,3,21,13,2660
2016,3,21,14,2154
2016,3,21,15,2203
2016,3,21,16,2790
2016,3,21,17,3833
2016,3,21,18,4923
2016,3,21,19,5869
2016,3,21,20,6379
2016,3,21,21,6349
2016,3,21,22,5716
2016,3,21,23,4740
2016,3,22,0,3519
2016,3,22,1,2448
2016,3,22,2,1669
2016,3,22,3,1516
2016,3,22,4,1984
2016,3,22,5,2939
2016,3,22,6,4207
2016,3,22,7,5338
2016,3,22,8,6151
2016,3,22,9,6428
2016,3,22,10,6113
2016,3,22,11,5169
2016,3,22,12,4039
2016,3,22,13,2874
2016,3,22,14,2040
2016,3,22,15,1737
2016,3,22,16,2058
2016,3,22,17,2869
2016,3,22,18,4072
2016,3,22,19,5181
2016,3,22,20,6071
2016,3,22,21,6397
2016,3,22,22,6186
2016,3,22,23,5304
2016,3,23,0,4177
2016,3,23,1,2921
2016,3,23,2,1913
2016,3,23,3,1397
2016,3,23,4,1549
2016,3,23,5,2318
2016,3,23,6,3578
2016,3,23,7,4842
2016,3,23,8,5938
2016,3,23,9,6458
2016,3,23,10,6484
2016,3,23,11,5760
2016,3,23,12,4713
2016,3,23,13,3476
2016,3,23,14,2489
2016,3,23,15,1885
2016,3,23,16,1913
2016,3,23,17,2477
2016,3,23,18,3522
2016,3,23,19,4660
2016,3,23,20,5746
2016,3,23,21,6378
2016,3,23,22,6555
2016,3,23,23,6028
2016,3,24,0,5039
2016,3,24,1,3770
2016,3,24,2,2577
2016,3,24,3,1750
2016,3,24,4,1602
2016,3,24,5,2046
2016,3,24,6,3115
2016,3,24,7,4440
2016,3,24,8,5629
2016,3,24,9,6467
2016,3,24,10,6691
2016,3,24,11,6306
2016,3,24,12,5312
2016,3,24,13,4094
2016,3,24,14,2865
2016,3,24,15,1946
2016,3,24,16,1587
2016,3,24,17,1855
2016,3,24,18,2638
2016,3,24,19,3879
2016,3,24,20,5019
2016,3,24,21,5973
2016,3,24,22,6360
2016,3,24,23,6227
2016,3,25,0,5390
2016,3,25,1,4296
2016,3,25,2,3059
2016,3,25,3,2086
2016,3,25,4,1591
2016,3,25,5,1728
2016,3,25,6,2469
2016,3,25,7,3690
2016,3,25,8,4926
2016,3,25,9,5933
2016,3,25,10,6444
2016,3,25,11,6340
2016,3,25,12,5576
2016,3,25,13,4466
2016,3,25,14,3227
2016,3,25,15,2170
2016,3,25,16,1530
2016,3,25,17,1478
2016,3,25,18,2030
2016,3,25,19,3003
2016,3,25,20,4226
2016,3,25,21,5292
2016,3,25,22,5981
2016,3,25,23,6159
2016,3,26,0,5754
2016,3,26,1,4811
2016,3,26,2,3672
2016,3,26,3,2657
2016,3,26,4,1908
2016,3,26,5,1815
2016,3,26,6,2246
2016,3,26,7,3224
2016,3,26,8,4391
2016,3,26,9,5518
2016,3,26,10,6258
2016,3,26,11,6455
2016,3,26,12,6073
2016,3,26,13,5142
2016,3,26,14,3974
2016,3,26,15,2869
2016,3,26,16,1988
2016,3,26,17,1616
2016,3,26,18,1886
2016,3,26,19,2586
2016,3,26,20,3730
2016,3,26,21,4813
2016,3,26,22,5688
2016,3,26,23,6111
2016,3,27,0,6028
2016,3,27,1,5362
2016,3,27,2,4447
2016,3,27,3,3378
2016,3,27,4,2570
2016,3,27,5,2135
2016,3,27,6,2311
2016,3,27,7,2950
2016,3,27,8,4028
2016,3,27,9,5104
2016,3,27,10,5967
2016,3,27,11,6374
2016,3,27,12,6250
2016,3,27,13,5533
2016,3,27,14,4525
2016,3,27,15,3390
2016,3,27,16,2409
2016,3,27,17,1788
2016,3,27,18,1658
2016,3,27,19,2065
2016,3,27,20,2876
2016,3,27,21,3952
2016,3,27,22,4889
2016,3,27,23,5511
2016,3,28,0,5702
2016,3,28,1,5378
2016,3,28,2,4632
2016,3,28,3,3737
2016,3,28,4,2869
2016,3,28,5,2329
2016,3,28,6,2165
2016,3,28,7,2565
2016,3,28,8,3296
2016,3,28,9,4292
2016,3,28,10,5164
2016,3,28,11,5825
2016,3,28,12,5922
2016,3,28,13,5569
2016,3,28,14,4765
2016,3,28,15,3753
2016,3,28,16,2766
2016,3,28,17,1976
2016,3,28,18,1589
2016,3,28,19,1668
2016,3,28,20,2195
2016,3,28,21,3062
2016,3,28,22,3939
2016,3,28,23,4756
2016,3,29,0,5139
2016,3,29,1,5204
2016,3,29,2,4782
2016,3,29,3,4090
2016,3,29,4,3310
2016,3,29,5,2697
2016,3,29,6,2367
2016,3,29,7,2442
2016,3,29,8,2900
2016,3,29,9,3676
2016,3,29,10,4532
2016,3,29,11,5220
2016,3,29,12,5631
2016,3,29,13,5574
2016,3,29,14,5083
2016,3,29,15,4342
2016,3,29,16,3418
2016,3,29,17,2575
2016,3,29,18,1969
2016,3,29,19,1730
2016,3,29,20,1955
2016,3,29,21,2487
2016,3,29,22,3286
2016,3,29,23,4051
2016,3,30,0,4632
2016,3,30,1,4921
2016,3,30,2,4844
2016,3,30,3,4427
2016,3,30,4,3875
2016,3,30,5,3282
2016,3,30,6,2831
2016,3,30,7,2678
2016,3,30,8,2821
2016,3,30,9,3281
2016,3,30,10,3961
2016,3,30,11,4653
2016,3,30,12,5176
2016,3,30,13,5400
2016,3,30,14,5257
2016,3,30,15,4785
2016,3,30,16,4086
2016,3,30,17,3325
2016,3,30,18,2639
2016,3,30,19,2157
2016,3,30,20,2057
2016,3,30,21,2247
2016,3,30,22,2740
2016,3,30,23,3410
2016,3,31,0,4040
2016,3,31,1,4523
2016,3,31,2,4792
2016,3,31,3,4733
2016,3,31,4,4436
2016,3,31,5,4004
2016,3,31,6,3529
2016,3,31,7,3174
2016,3,31,8,3047
2016,3,31,9,3174
2016,3,31,10,3572
2016,3,31,11,4168
2016,3,31,12,4694
2016,3,31,13,5158
2016,3,31,14,5325
2016,3,31,15,5182
2016,3,31,16,4760
2016,3,31,17,4153
2016,3,31,18,3452
2016,3,31,19,2844
2016,3,31,20,2412
2016,3,31,21,2234
2016,3,31,22,2362
2016,3,31,23,2776
2016,4,1,0,3345
2016,4,1,1,3915
2016,4,1,2,4419
2016,4,1,3,4700
2016,4,1,4,4749
2016,4,1,5,4523
2016,4,1,6,4193
2016,4,1,7,3727
2016,4,1,8,3377
2016,4,1,9,3195
2016,4,1,10,3233
2016,4,1,11,3534
2016,4,1,12,4016
2016,4,1,13,4517
2016,4,1,14,4957
2016,4,1,15,5167
2016,4,1,16,5132
2016,4,1,17,4805
2016,4,1,18,4251
2016,4,1,19,3595
2016,4,1,20,2977
2016,4,1,21,2466
2016,4,1,22,2232
2016,4,1,23,2269
2016,4,2,0,2598
2016,4,2,1,3153
2016,4,2,2,3750
2016,4,2,3,4310
2016,4,2,4,4742
2016,4,2,5,4891
2016,4,2,6,4801
2016,4,2,7,4410
2016,4,2,8,3922
2016,4,2,9,3417
2016,4,2,10,3083
2016,4,2,11,3021
2016,4,2,12,3246
2016,4,2,13,3718
2016,4,2,14,4306
2016,4,2,15,4845
2016,4,2,16,5168
2016,4,2,17,5236
2016,4,2,18,4978
2016,4,2,19,4440
2016,4,2,20,3755
2016,4,2,21,3041
2016,4,2,22,2428
2016,4,2,23,2048
2016,4,3,0,2000
2016,4,3,1,2314
2016,4,3,2,2942
2016,4,3,3,3720
2016,4,3,4,4469
2016,4,3,5,5033
2016,4,3,6,5305
2016,4,3,7,5126
2016,4,3,8,4662
2016,4,3,9,4003
2016,4,3,10,3277
2016,4,3,11,2828
2016,4,3,12,2606
2016,4,3,13,2841
2016,4,3,14,3416
2016,4,3,15,4142
2016,4,3,16,4903
2016,4,3,17,5427
2016,4,3,18,5614
2016,4,3,19,5380
2016,4,3,20,4768
2016,4,3,21,3920
2016,4,3,22,2981
2016,4,3,23,2207
2016,4,4,0,1752
2016,4,4,1,1767
2016,4,4,2,2220
2016,4,4,3,3068
2016,4,4,4,4004
2016,4,4,5,4928
2016,4,4,6,5623
2016,4,4,7,5849
2016,4,4,8,5642
2016,4,4,9,4924
2016,4,4,10,3997
2016,4,4,11,3091
2016,4,4,12,2452
2016,4,4,13,2174
2016,4,4,14,2483
2016,4,4,15,3188
2016,4,4,16,4183
2016,4,4,17,5110
2016,4,4,18,5789
2016,4,4,19,6011
2016,4,4,20,5745
2016,4,4,21,4967
2016,4,4,22,3924
2016,4,4,23,2752
2016,4,5,0,1845
2016,4,5,1,1286
2016,4,5,2,1365
2016,4,5,3,2009
2016,4,5,4,3095
2016,4,5,5,4315
2016,4,5,6,5406
2016,4,5,7,6101
2016,4,5,8,6222
2016,4,5,9,5790
2016,4,5,10,4815
2016,4,5,11,3661
2016,4,5,12,2635
2016,4,5,13,1907
2016,4,5,14,1737
2016,4,5,15,2213
2016,4,5,16,3085
2016,4,5,17,4348
2016,4,5,18,5454
2016,4,5,19,6211
2016,4,5,20,6459
2016,4,5,21,6044
2016,4,5,22,5013
2016,4,5,23,3688
2016,4,6,0,2342
2016,4,6,1,1331
2016,4,6,2,857
2016,4,6,3,1185
2016,4,6,4,2060
2016,4,6,5,3477
2016,4,6,6,4863
2016,4,6,7,5995
2016,4,6,8,6525
2016,4,6,9,6481
2016,4,6,10,5615
2016,4,6,11,4395
2016,4,6,12,2938
2016,4,6,13,1715
2016,4,6,14,947
2016,4,6,15,943
2016,4,6,16,1647
2016,4,6,17,2860
2016,4,6,18,4359
2016,4,6,19,5643
2016,4,6,20,6448
2016,4,6,21,6583
2016,4,6,22,6005
2016,4,6,23,4719
2016,4,7,0,3297
2016,4,7,1,1887
2016,4,7,2,990
2016,4,7,3,731
2016,4,7,4,1359
2016,4,7,5,2482
2016,4,7,6,4115
2016,4,7,7,5543
2016,4,7,8,6647
2016,4,7,9,7034
2016,4,7,10,6732
2016,4,7,11,5562
2016,4,7,12,4062
2016,4,7,13,2458
2016,4,7,14,1156
2016,4,7,15,534
2016,4,7,16,687
2016,4,7,17,1660
2016,4,7,18,3106
2016,4,7,19,4780
2016,4,7,20,6057
2016,4,7,21,6782
2016,4,7,22,6780
2016,4,7,23,5968
2016,4,8,0,4618
2016,4,8,1,3087
2016,4,8,2,1769
2016,4,8,3,984
2016,4,8,4,1014
2016,4,8,5,1811
2016,4,8,6,3228
2016,4,8,7,4902
2016,4,8,8,6392
2016,4,8,9,7232
2016,4,8,10,7470
2016,4,8,11,6724
2016,4,8,12,5319
2016,4,8,13,3656
2016,4,8,14,2046
2016,4,8,15,851
2016,4,8,16,352
2016,4,8,17,795
2016,4,8,18,1825
2016,4,8,19,3427
2016,4,8,20,5016
2016,4,8,21,6248
2016,4,8,22,6809
2016,4,8,23,6624
2016,4,9,0,5611
2016,4,9,1,4184
2016,4,9,2,2642
2016,4,9,3,1452
2016,4,9,4,887
2016,4,9,5,1157
2016,4,9,6,2124
2016,4,9,7,3627
2016,4,9,8,5169
2016,4,9,9,6476
2016,4,9,10,7162
2016,4,9,11,7106
2016,4,9,12,6156
2016,4,9,13,4726
2016,4,9,14,2993
2016,4,9,15,1459
2016,4,9,16,380
2016,4,9,17,127
2016,4,9,18,680
2016,4,9,19,1951
2016,4,9,20,3584
2016,4,9,21,5136
2016,4,9,22,6227
2016,4,9,23,6613
2016,4,10,0,6299
2016,4,10,1,5171
2016,4,10,2,3865
2016,4,10,3,2459
2016,4,10,4,1522
2016,4,10,5,1210
2016,4,10,6,1662
2016,4,10,7,2695
2016,4,10,8,4243
2016,4,10,9,5605
2016,4,10,10,6725
2016,4,10,11,7144
2016,4,10,12,6883
2016,4,10,13,5779
2016,4,10,14,4354
2016,4,10,15,2746
2016,4,10,16,1388
2016,4,10,17,500
2016,4,10,18,445
2016,4,10,19,1080
2016,4,10,20,2371
2016,4,10,21,3910
2016,4,10,22,5259
2016,4,10,23,6159
2016,4,11,0,6401
2016,4,11,1,5969
2016,4,11,2,4877
2016,4,11,3,3651
2016,4,11,4,2489
2016,4,11,5,1765
2016,4,11,6,1674
2016,4,11,7,2199
2016,4,11,8,3268
2016,4,11,9,4590
2016,4,11,10,5775
2016,4,11,11,6583
2016,4,11,12,6836
2016,4,11,13,6407
2016,4,11,14,5349
2016,4,11,15,4007
2016,4,11,16,2593
2016,4,11,17,1407
2016,4,11,18,758
2016,4,11,19,805
2016,4,11,20,1500
2016,4,11,21,2690
2016,4,11,22,4054
2016,4,11,23,5196
2016,4,12,0,5873
2016,4,12,1,6010
2016,4,12,2,5572
2016,4,12,3,4615
2016,4,12,4,3661
2016,4,12,5,2735
2016,4,12,6,2264
2016,4,12,7,2249
2016,4,12,8,2769
2016,4,12,9,3700
2016,4,12,10,4799
2016,4,12,11,5777
2016,4,12,12,6400
2016,4,12,13,6555
2016,4,12,14,6089
2016,4,12,15,5162
2016,4,12,16,3975
2016,4,12,17,2777
2016,4,12,18,1818
2016,4,12,19,1307
2016,4,12,20,1412
2016,4,12,21,2049
2016,4,12,22,3074
2016,4,12,23,4184
2016,4,13,0,5063
2016,4,13,1,5589
2016,4,13,2,5676
2016,4,13,3,5305
2016,4,13,4,4573
2016,4,13,5,3779
2016,4,13,6,3081
2016,4,13,7,2713
2016,4,13,8,2713
2016,4,13,9,3138
2016,4,13,10,3841
2016,4,13,11,4682
2016,4,13,12,5425
2016,4,13,13,5897
2016,4,13,14,5990
2016,4,13,15,5613
2016,4,13,16,4846
2016,4,13,17,3866
2016,4,13,18,2883
2016,4,13,19,2069
2016,4,13,20,1670
2016,4,13,21,1743
2016,4,13,22,2251
2016,4,13,23,3107
2016,4,14,0,3985
2016,4,14,1,4772
2016,4,14,2,5243
2016,4,14,3,5377
2016,4,14,4,5103
2016,4,14,5,4552
2016,4,14,6,3922
2016,4,14,7,3353
2016,4,14,8,2991
2016,4,14,9,2938
2016,4,14,10,3176
2016,4,14,11,3721
2016,4,14,12,4404
2016,4,14,13,5032
2016,4,14,14,5500
2016,4,14,15,5603
2016,4,14,16,5363
2016,4,14,17,4790
2016,4,14,18,3976
2016,4,14,19,3144
2016,4,14,20,2413
2016,4,14,21,1994
2016,4,14,22,1980
2016,4,14,23,2327
2016,4,15,0,3026
2016,4,15,1,3819
2016,4,15,2,4537
2016,4,15,3,5067
2016,4,15,4,5278
2016,4,15,5,5163
2016,4,15,6,4743
2016,4,15,7,4190
2016,4,15,8,3612
2016,4,15,9,3196
2016,4,15,10,2970
2016,4,15,11,3079
2016,4,15,12,3454
2016,4,15,13,4036
2016,4,15,14,4638
2016,4,15,15,5129
2016,4,15,16,5378
2016,4,15,17,5283
2016,4,15,18,4842
2016,4,15,19,4215
2016,4,15,20,3428
2016,4,15,21,2701
2016,4,15,22,2216
2016,4,15,23,2047
2016,4,16,0,2265
2016,4,16,1,2844
2016,4,16,2,3574
2016,4,16,3,4359
2016,4,16,4,4979
2016,4,16,5,5332
2016,4,16,6,5302
2016,4,16,7,4920
2016,4,16,8,4319
2016,4,16,9,3614
2016,4,16,10,3071
2016,4,16,11,2743
2016,4,16,12,2783
2016,4,16,13,3139
2016,4,16,14,3740
2016,4,16,15,4395
2016,4,16,16,4995
2016,4,16,17,5309
2016,4,16,18,5311
2016,4,16,19,4931
2016,4,16,20,4309
2016,4,16,21,3476
2016,4,16,22,2726
2016,4,16,23,2126
2016,4,17,0,1941
2016,4,17,1,2154
2016,4,17,2,2746
2016,4,17,3,3621
2016,4,17,4,4485
2016,4,17,5,5211
2016,4,17,6,5600
2016,4,17,7,5547
2016,4,17,8,5076
2016,4,17,9,4377
2016,4,17,10,3564
2016,4,17,11,2922
2016,4,17,12,2542
2016,4,17,13,2542
2016,4,17,14,2903
2016,4,17,15,3616
2016,4,17,16,4361
2016,4,17,17,5057
2016,4,17,18,5490
2016,4,17,19,5504
2016,4,17,20,5134
2016,4,17,21,4409
2016,4,17,22,3499
2016,4,17,23,2638
2016,4,18,0,2059
2016,4,18,1,1892
2016,4,18,2,2177
2016,4,18,3,2916
2016,4,18,4,3848
2016,4,18,5,4806
2016,4,18,6,5507
2016,4,18,7,5867
2016,4,18,8,5746
2016,4,18,9,5121
2016,4,18,10,4267
2016,4,18,11,3304
2016,4,18,12,2573
2016,4,18,13,2192
2016,4,18,14,2290
2016,4,18,15,2796
2016,4,18,16,3745
2016,4,18,17,4495
2016,4,18,18,5292
2016,4,18,19,5619
2016,4,18,20,5592
2016,4,18,21,5038
2016,4,18,22,4234
2016,4,18,23,3174
2016,4,19,0,2325
2016,4,19,1,1743
2016,4,19,2,1710
2016,4,19,3,2185
2016,4,19,4,3084
2016,4,19,5,4161
2016,4,19,6,5125
2016,4,19,7,5761
2016,4,19,8,5916
2016,4,19,9,5541
2016,4,19,10,4676
2016,4,19,11,3680
2016,4,19,12,2682
2016,4,19,13,1961
2016,4,19,14,1686
2016,4,19,15,1963
2016,4,19,16,2639
2016,4,19,17,3663
2016,4,19,18,4618
2016,4,19,19,5382
2016,4,19,20,5740
2016,4,19,21,5608
2016,4,19,22,4916
2016,4,19,23,3968
2016,4,20,0,2897
2016,4,20,1,2093
2016,4,20,2,1666
2016,4,20,3,1875
2016,4,20,4,2552
2016,4,20,5,3649
2016,4,20,6,4744
2016,4,20,7,5655
2016,4,20,8,6115
2016,4,20,9,6083
2016,4,20,10,5403
2016,4,20,11,4414
2016,4,20,12,3269
2016,4,20,13,2292
2016,4,20,14,1640
2016,4,20,15,1602
2016,4,20,16,2068
2016,4,20,17,2983
2016,4,20,18,4127
2016,4,20,19,5102
2016,4,20,20,5792
2016,4,20,21,5998
2016,4,20,22,5634
2016,4,20,23,4744
2016,4,21,0,3675
2016,4,21,1,2621
2016,4,21,2,1930
2016,4,21,3,1769
2016,4,21,4,2235
2016,4,21,5,3168
2016,4,21,6,4383
2016,4,21,7,5466
2016,4,21,8,6211
2016,4,21,9,6391
2016,4,21,10,5996
2016,4,21,11,5105
2016,4,21,12,3918
2016,4,21,13,2756
2016,4,21,14,1866
2016,4,21,15,1457
2016,4,21,16,1650
2016,4,21,17,2347
2016,4,21,18,3460
2016,4,21,19,4534
2016,4,21,20,5530
2016,4,21,21,6003
2016,4,21,22,6013
2016,4,21,23,5344
2016,4,22,0,4359
2016,4,22,1,3205
2016,4,22,2,2332
2016,4,22,3,1836
2016,4,22,4,1993
2016,4,22,5,2679
2016,4,22,6,3829
2016,4,22,7,4973
2016,4,22,8,5898
2016,4,22,9,6392
2016,4,22,10,6314
2016,4,22,11,5582
2016,4,22,12,4536
2016,4,22,13,3261
2016,4,22,14,2201
2016,4,22,15,1463
2016,4,22,16,1344
2016,4,22,17,1778
2016,4,22,18,2699
2016,4,22,19,3940
2016,4,22,20,5048
2016,4,22,21,5873
2016,4,22,22,6144
2016,4,22,23,5859
2016,4,23,0,4983
2016,4,23,1,3909
2016,4,23,2,2853
2016,4,23,3,2133
2016,4,23,4,1957
2016,4,23,5,2369
2016,4,23,6,3290
2016,4,23,7,4498
2016,4,23,8,5563
2016,4,23,9,6327
2016,4,23,10,6493
2016,4,23,11,6076
2016,4,23,12,5107
2016,4,23,13,3852
2016,4,23,14,2647
2016,4,23,15,1689
2016,4,23,16,1236
2016,4,23,17,1415
2016,4,23,18,2084
2016,4,23,19,3189
2016,4,23,20,4374
2016,4,23,21,5356
2016,4,23,22,5921
2016,4,23,23,5925
2016,4,24,0,5371
2016,4,24,1,4379
2016,4,24,2,3304
2016,4,24,3,2410
2016,4,24,4,1968
2016,4,24,5,2098
2016,4,24,6,2779
2016,4,24,7,3868
2016,4,24,8,4975
2016,4,24,9,5872
2016,4,24,10,6345
2016,4,24,11,6238
2016,4,24,12,5500
2016,4,24,13,4406
2016,4,24,14,3143
2016,4,24,15,2068
2016,4,24,16,1317
2016,4,24,17,1145
2016,4,24,18,1550
2016,4,24,19,2429
2016,4,24,20,3646
2016,4,24,21,4736
2016,4,24,22,5558
2016,4,24,23,5870
2016,4,25,0,5624
2016,4,25,1,4826
2016,4,25,2,3868
2016,4,25,3,2879
2016,4,25,4,2264
2016,4,25,5,2087
2016,4,25,6,2483
2016,4,25,7,3304
2016,4,25,8,4377
2016,4,25,9,5348
2016,4,25,10,6057
2016,4,25,11,6217
2016,4,25,12,5836
2016,4,25,13,4921
2016,4,25,14,3767
2016,4,25,15,2610
2016,4,25,16,1684
2016,4,25,17,1207
2016,4,25,18,1303
2016,4,25,19,1899
2016,4,25,20,2912
2016,4,25,21,4015
2016,4,25,22,4973
2016,4,25,23,5577
2016,4,26,0,5670
2016,4,26,1,5274
2016,4,26,2,4437
2016,4,26,3,3520
2016,4,26,4,2733
2016,4,26,5,2352
2016,4,26,6,2416
2016,4,26,7,2968
2016,4,26,8,3888
2016,4,26,9,4896
2016,4,26,10,5712
2016,4,26,11,6158
2016,4,26,12,6115
2016,4,26,13,5503
2016,4,26,14,4548
2016,4,26,15,3453
2016,4,26,16,2451
2016,4,26,17,1721
2016,4,26,18,1481
2016,4,26,19,1774
2016,4,26,20,2472
2016,4,26,21,3492
2016,4,26,22,4404
2016,4,26,23,5202
2016,4,27,0,5526
2016,4,27,1,5480
2016,4,27,2,4963
2016,4,27,3,4174
2016,4,27,4,3374
2016,4,27,5,2786
2016,4,27,6,2567
2016,4,27,7,2800
2016,4,27,8,3410
2016,4,27,9,4250
2016,4,27,10,5116
2016,4,27,11,5712
2016,4,27,12,5923
2016,4,27,13,5660
2016,4,27,14,4970
2016,4,27,15,4024
2016,4,27,16,3039
2016,4,27,17,2181
2016,4,27,18,1658
2016,4,27,19,1591
2016,4,27,20,1981
2016,4,27,21,2709
2016,4,27,22,3637
2016,4,27,23,4456
2016,4,28,0,5050
2016,4,28,1,5269
2016,4,28,2,5099
2016,4,28,3,4563
2016,4,28,4,3889
2016,4,28,5,3276
2016,4,28,6,2868
2016,4,28,7,2814
2016,4,28,8,3071
2016,4,28,9,3668
2016,4,28,10,4393
2016,4,28,11,5090
2016,4,28,12,5591
2016,4,28,13,5687
2016,4,28,14,5418
2016,4,28,15,4717
2016,4,28,16,3854
2016,4,28,17,2955
2016,4,28,18,2233
2016,4,28,19,1849
2016,4,28,20,1898
2016,4,28,21,2342
2016,4,28,22,3045
2016,4,28,23,3840
2016,4,29,0,4543
2016,4,29,1,5020
2016,4,29,2,5143
2016,4,29,3,4984
2016,4,29,4,4496
2016,4,29,5,3937
2016,4,29,6,3397
2016,4,29,7,3063
2016,4,29,8,2965
2016,4,29,9,3203
2016,4,29,10,3704
2016,4,29,11,4307
2016,4,29,12,4898
2016,4,29,13,5285
2016,4,29,14,5320
2016,4,29,15,5024
2016,4,29,16,4439
2016,4,29,17,3646
2016,4,29,18,2881
2016,4,29,19,2244
2016,4,29,20,1894
2016,4,29,21,1960
2016,4,29,22,2291
2016,4,29,23,2942
2016,4,30,0,3628
2016,4,30,1,4279
2016,4,30,2,4731
2016,4,30,3,4971
2016,4,30,4,4826
2016,4,30,5,4462
2016,4,30,6,3988
2016,4,30,7,3433
2016,4,30,8,3047
2016,4,30,9,2869
2016,4,30,10,2993
2016,4,30,11,3430
2016,4,30,12,3987
2016,4,30,13,4612
2016,4,30,14,5012
2016,4,30,15,5188
2016,4,30,16,4995
2016,4,30,17,4470
2016,4,30,18,3743
2016,4,30,19,3006
2016,4,30,20,2402
2016,4,30,21,2079
2016,4,30,22,2046
2016,4,30,23,2323
2016,5,1,0,2929
2016,5,1,1,3589
2016,5,1,2,4292
2016,5,1,3,4851
2016,5,1,4,5159
2016,5,1,5,5141
2016,5,1,6,4793
2016,5,1,7,4237
2016,5,1,8,3596
2016,5,1,9,3054
2016,5,1,10,2752
2016,5,1,11,2807
2016,5,1,12,3180
2016,5,1,13,3776
2016,5,1,14,4450
2016,5,1,15,4967
2016,5,1,16,5271
2016,5,1,17,5121
2016,5,1,18,4664
2016,5,1,19,3996
2016,5,1,20,3207
2016,5,1,21,2534
2016,5,1,22,2063
2016,5,1,23,1961
2016,5,2,0,2263
2016,5,2,1,2849
2016,5,2,2,3659
2016,5,2,3,4481
2016,5,2,4,5149
2016,5,2,5,5532
2016,5,2,6,5500
2016,5,2,7,5079
2016,5,2,8,4391
2016,5,2,9,3554
2016,5,2,10,2846
2016,5,2,11,2440
2016,5,2,12,2429
2016,5,2,13,2830
2016,5,2,14,3554
2016,5,2,15,4381
2016,5,2,16,5044
2016,5,2,17,5378
2016,5,2,18,5367
2016,5,2,19,4904
2016,5,2,20,4161
2016,5,2,21,3292
2016,5,2,22,2457
2016,5,2,23,1852
2016,5,3,0,1730
2016,5,3,1,2051
2016,5,3,2,2720
2016,5,3,3,3725
2016,5,3,4,4682
2016,5,3,5,5489
2016,5,3,6,5892
2016,5,3,7,5826
2016,5,3,8,5208
2016,5,3,9,4310
2016,5,3,10,3239
2016,5,3,11,2368
2016,5,3,12,1794
2016,5,3,13,1811
2016,5,3,14,2308
2016,5,3,15,3210
2016,5,3,16,4233
2016,5,3,17,5085
2016,5,3,18,5607
2016,5,3,19,5639
2016,5,3,20,5184
2016,5,3,21,4316
2016,5,3,22,3256
2016,5,3,23,2298
2016,5,4,0,1620
2016,5,4,1,1500
2016,5,4,2,1902
2016,5,4,3,2808
2016,5,4,4,3981
2016,5,4,5,5104
2016,5,4,6,5968
2016,5,4,7,6301
2016,5,4,8,6082
2016,5,4,9,5227
2016,5,4,10,4058
2016,5,4,11,2787
2016,5,4,12,1721
2016,5,4,13,1137
2016,5,4,14,1213
2016,5,4,15,1897
2016,5,4,16,3020
2016,5,4,17,4249
2016,5,4,18,5263
2016,5,4,19,5850
2016,5,4,20,5884
2016,5,4,21,5323
2016,5,4,22,4293
2016,5,4,23,3099
2016,5,5,0,2023
2016,5,5,1,1359
2016,5,5,2,1272
2016,5,5,3,1893
2016,5,5,4,2966
2016,5,5,5,4352
2016,5,5,6,5578
2016,5,5,7,6441
2016,5,5,8,6679
2016,5,5,9,6231
2016,5,5,10,5085
2016,5,5,11,3659
2016,5,5,12,2200
2016,5,5,13,1062
2016,5,5,14,557
2016,5,5,15,766
2016,5,5,16,1683
2016,5,5,17,3003
2016,5,5,18,4415
2016,5,5,19,5513
2016,5,5,20,6127
2016,5,5,21,6091
2016,5,5,22,5403
2016,5,5,23,4187
2016,5,6,0,2897
2016,5,6,1,1749
2016,5,6,2,1135
2016,5,6,3,1255
2016,5,6,4,2064
2016,5,6,5,3364
2016,5,6,6,4885
2016,5,6,7,6107
2016,5,6,8,6872
2016,5,6,9,6938
2016,5,6,10,6165
2016,5,6,11,4825
2016,5,6,12,3221
2016,5,6,13,1718
2016,5,6,14,549
2016,5,6,15,170
2016,5,6,16,560
2016,5,6,17,1658
2016,5,6,18,3151
2016,5,6,19,4669
2016,5,6,20,5847
2016,5,6,21,6391
2016,5,6,22,6266
2016,5,6,23,5365
2016,5,7,0,4038
2016,5,7,1,2683
2016,5,7,2,1561
2016,5,7,3,1110
2016,5,7,4,1445
2016,5,7,5,2443
2016,5,7,6,3945
2016,5,7,7,5427
2016,5,7,8,6600
2016,5,7,9,7176
2016,5,7,10,7027
2016,5,7,11,6052
2016,5,7,12,4618
2016,5,7,13,2925
2016,5,7,14,1424
2016,5,7,15,278
2016,5,7,16,67
2016,5,7,17,599
2016,5,7,18,1899
2016,5,7,19,3494
2016,5,7,20,5060
2016,5,7,21,6151
2016,5,7,22,6555
2016,5,7,23,6232
2016,5,8,0,5166
2016,5,8,1,3839
2016,5,8,2,2501
2016,5,8,3,1589
2016,5,8,4,1301
2016,5,8,5,1787
2016,5,8,6,2911
2016,5,8,7,4410
2016,5,8,8,5785
2016,5,8,9,6833
2016,5,8,10,7180
2016,5,8,11,6818
2016,5,8,12,5647
2016,5,8,13,4121
2016,5,8,14,2439
2016,5,8,15,1008
2016,5,8,16,74
2016,5,8,17,16
2016,5,8,18,697
2016,5,8,19,2079
2016,5,8,20,3674
2016,5,8,21,5119
2016,5,8,22,6072
2016,5,8,23,6333
2016,5,9,0,5916
2016,5,9,1,4800
2016,5,9,2,3527
2016,5,9,3,2280
2016,5,9,4,1551
2016,5,9,5,1438
2016,5,9,6,2075
2016,5,9,7,3222
2016,5,9,8,4629
2016,5,9,9,5828
2016,5,9,10,6651
2016,5,9,11,6828
2016,5,9,12,6290
2016,5,9,13,5116
2016,5,9,14,3614
2016,5,9,15,2105
2016,5,9,16,805
2016,5,9,17,109
2016,5,9,18,184
2016,5,9,19,992
2016,5,9,20,2350
2016,5,9,21,3879
2016,5,9,22,5171
2016,5,9,23,5933
2016,5,10,0,6046
2016,5,10,1,5530
2016,5,10,2,4447
2016,5,10,3,3299
2016,5,10,4,2258
2016,5,10,5,1711
2016,5,10,6,1754
2016,5,10,7,2413
2016,5,10,8,3512
2016,5,10,9,4727
2016,5,10,10,5769
2016,5,10,11,6365
2016,5,10,12,6448
2016,5,10,13,5822
2016,5,10,14,4678
2016,5,10,15,3300
2016,5,10,16,1939
2016,5,10,17,828
2016,5,10,18,394
2016,5,10,19,587
2016,5,10,20,1474
2016,5,10,21,2720
2016,5,10,22,4062
2016,5,10,23,5105
2016,5,11,0,5696
2016,5,11,1,5704
2016,5,11,2,5182
2016,5,11,3,4225
2016,5,11,4,3232
2016,5,11,5,2412
2016,5,11,6,2030
2016,5,11,7,2107
2016,5,11,8,2751
2016,5,11,9,3707
2016,5,11,10,4757
2016,5,11,11,5590
2016,5,11,12,6072
2016,5,11,13,6006
2016,5,11,14,5363
2016,5,11,15,4381
2016,5,11,16,3158
2016,5,11,17,2010
2016,5,11,18,1139
2016,5,11,19,819
2016,5,11,20,1095
2016,5,11,21,1931
2016,5,11,22,3064
2016,5,11,23,4207
2016,5,12,0,5101
2016,5,12,1,5549
2016,5,12,2,5519
2016,5,12,3,5018
2016,5,12,4,4204
2016,5,12,5,3400
2016,5,12,6,2750
2016,5,12,7,2430
2016,5,12,8,2534
2016,5,12,9,3038
2016,5,12,10,3822
2016,5,12,11,4648
2016,5,12,12,5344
2016,5,12,13,5709
2016,5,12,14,5662
2016,5,12,15,5106
2016,5,12,16,4247
2016,5,12,17,3179
2016,5,12,18,2210
2016,5,12,19,1496
2016,5,12,20,1317
2016,5,12,21,1616
2016,5,12,22,2358
2016,5,12,23,3333
2016,5,13,0,4277
2016,5,13,1,4997
2016,5,13,2,5363
2016,5,13,3,5316
2016,5,13,4,4886
2016,5,13,5,4279
2016,5,13,6,3596
2016,5,13,7,3053
2016,5,13,8,2755
2016,5,13,9,2747
2016,5,13,10,3109
2016,5,13,11,3713
2016,5,13,12,4400
2016,5,13,13,5035
2016,5,13,14,5381
2016,5,13,15,5374
2016,5,13,16,4909
2016,5,13,17,4175
2016,5,13,18,3269
2016,5,13,19,2466
2016,5,13,20,1914
2016,5,13,21,1759
2016,5,13,22,2054
2016,5,13,23,2625
2016,5,14,0,3442
2016,5,14,1,4227
2016,5,14,2,4883
2016,5,14,3,5247
2016,5,14,4,5288
2016,5,14,5,4975
2016,5,14,6,4463
2016,5,14,7,3813
2016,5,14,8,3256
2016,5,14,9,2867
2016,5,14,10,2802
2016,5,14,11,3019
2016,5,14,12,3563
2016,5,14,13,4170
2016,5,14,14,4780
2016,5,14,15,5147
2016,5,14,16,5182
2016,5,14,17,4850
2016,5,14,18,4247
2016,5,14,19,3483
2016,5,14,20,2784
2016,5,14,21,2255
2016,5,14,22,2096
2016,5,14,23,2255
2016,5,15,0,2784
2016,5,15,1,3496
2016,5,15,2,4263
2016,5,15,3,4904
2016,5,15,4,5305
2016,5,15,5,5398
2016,5,15,6,5104
2016,5,15,7,4596
2016,5,15,8,3886
2016,5,15,9,3285
2016,5,15,10,2793
2016,5,15,11,2659
2016,5,15,12,2854
2016,5,15,13,3326
2016,5,15,14,3983
2016,5,15,15,4554
2016,5,15,16,4970
2016,5,15,17,5079
2016,5,15,18,4868
2016,5,15,19,4353
2016,5,15,20,3668
2016,5,15,21,3003
2016,5,15,22,2459
2016,5,15,23,2236
2016,5,16,0,2356
2016,5,16,1,2812
2016,5,16,2,3522
2016,5,16,3,4310
2016,5,16,4,4991
2016,5,16,5,5462
2016,5,16,6,5545
2016,5,16,7,5212
2016,5,16,8,4564
2016,5,16,9,3776
2016,5,16,10,3008
2016,5,16,11,2515
2016,5,16,12,2294
2016,5,16,13,2544
2016,5,16,14,3027
2016,5,16,15,3762
2016,5,16,16,4427
2016,5,16,17,4907
2016,5,16,18,5087
2016,5,16,19,4897
2016,5,16,20,4368
2016,5,16,21,3692
2016,5,16,22,2941
2016,5,16,23,2406
2016,5,17,0,2157
2016,5,17,1,2346
2016,5,17,2,2866
2016,5,17,3,3687
2016,5,17,4,4532
2016,5,17,5,5255
2016,5,17,6,5687
2016,5,17,7,5695
2016,5,17,8,5243
2016,5,17,9,4496
2016,5,17,10,3608
2016,5,17,11,2798
2016,5,17,12,2228
2016,5,17,13,2106
2016,5,17,14,2441
2016,5,17,15,3069
2016,5,17,16,3866
2016,5,17,17,4616
2016,5,17,18,5157
2016,5,17,19,5354
2016,5,17,20,5137
2016,5,17,21,4564
2016,5,17,22,3808
2016,5,17,23,3035
2016,5,18,0,2488
2016,5,18,1,2241
2016,5,18,2,2537
2016,5,18,3,3126
2016,5,18,4,4008
2016,5,18,5,4923
2016,5,18,6,5635
2016,5,18,7,5945
2016,5,18,8,5799
2016,5,18,9,5126
2016,5,18,10,4203
2016,5,18,11,3169
2016,5,18,12,2320
2016,5,18,13,1803
2016,5,18,14,1856
2016,5,18,15,2288
2016,5,18,16,3102
2016,5,18,17,3991
2016,5,18,18,4796
2016,5,18,19,5297
2016,5,18,20,5422
2016,5,18,21,5077
2016,5,18,22,4398
2016,5,18,23,3544
2016,5,19,0,2742
2016,5,19,1,2217
2016,5,19,2,2165
2016,5,19,3,2586
2016,5,19,4,3409
2016,5,19,5,4423
2016,5,19,6,5369
2016,5,19,7,5973
2016,5,19,8,6104
2016,5,19,9,5645
2016,5,19,10,4763
2016,5,19,11,3645
2016,5,19,12,2615
2016,5,19,13,1815
2016,5,19,14,1497
2016,5,19,15,1703
2016,5,19,16,2290
2016,5,19,17,3227
2016,5,19,18,4158
2016,5,19,19,4997
2016,5,19,20,5423
2016,5,19,21,5461
2016,5,19,22,4991
2016,5,19,23,4153
2016,5,20,0,3195
2016,5,20,1,2396
2016,5,20,2,1988
2016,5,20,3,2146
2016,5,20,4,2786
2016,5,20,5,3840
2016,5,20,6,4888
2016,5,20,7,5726
2016,5,20,8,6106
2016,5,20,9,5971
2016,5,20,10,5236
2016,5,20,11,4242
2016,5,20,12,3054
2016,5,20,13,2087
2016,5,20,14,1396
2016,5,20,15,1283
2016,5,20,16,1660
2016,5,20,17,2479
2016,5,20,18,3535
2016,5,20,19,4569
2016,5,20,20,5332
2016,5,20,21,5684
2016,5,20,22,5522
2016,5,20,23,4808
2016,5,21,0,3870
2016,5,21,1,2895
2016,5,21,2,2260
2016,5,21,3,2061
2016,5,21,4,2481
2016,5,21,5,3336
2016,5,21,6,4458
2016,5,21,7,5475
2016,5,21,8,6142
2016,5,21,9,6295
2016,5,21,10,5888
2016,5,21,11,4935
2016,5,21,12,3775
2016,5,21,13,2579
2016,5,21,14,1647
2016,5,21,15,1169
2016,5,21,16,1298
2016,5,21,17,1911
2016,5,21,18,2940
2016,5,21,19,4063
2016,5,21,20,5066
2016,5,21,21,5690
2016,5,21,22,5814
2016,5,21,23,5400
2016,5,22,0,4509
2016,5,22,1,3524
2016,5,22,2,2659
2016,5,22,3,2205
2016,5,22,4,2269
2016,5,22,5,2909
2016,5,22,6,3947
2016,5,22,7,5047
2016,5,22,8,5945
2016,5,22,9,6395
2016,5,22,10,6287
2016,5,22,11,5550
2016,5,22,12,4497
2016,5,22,13,3212
2016,5,22,14,2135
2016,5,22,15,1284
2016,5,22,16,1086
2016,5,22,17,1392
2016,5,22,18,2232
2016,5,22,19,3382
2016,5,22,20,4508
2016,5,22,21,5425
2016,5,22,22,5834
2016,5,22,23,5700
2016,5,23,0,5013
2016,5,23,1,4030
2016,5,23,2,3025
2016,5,23,3,2316
2016,5,23,4,2102
2016,5,23,5,2457
2016,5,23,6,3333
2016,5,23,7,4454
2016,5,23,8,5488
2016,5,23,9,6199
2016,5,23,10,6359
2016,5,23,11,5953
2016,5,23,12,5036
2016,5,23,13,3825
2016,5,23,14,2627
2016,5,23,15,1601
2016,5,23,16,1018
2016,5,23,17,1047
2016,5,23,18,1639
2016,5,23,19,2627
2016,5,23,20,3836
2016,5,23,21,4897
2016,5,23,22,5604
2016,5,23,23,5776
2016,5,24,0,5451
2016,5,24,1,4590
2016,5,24,2,3645
2016,5,24,3,2764
2016,5,24,4,2281
2016,5,24,5,2293
2016,5,24,6,2842
2016,5,24,7,3817
2016,5,24,8,4858
2016,5,24,9,5811
2016,5,24,10,6264
2016,5,24,11,6238
2016,5,24,12,5566
2016,5,24,13,4541
2016,5,24,14,3290
2016,5,24,15,2179
2016,5,24,16,1299
2016,5,24,17,1011
2016,5,24,18,1260
2016,5,24,19,2042
2016,5,24,20,3146
2016,5,24,21,4270
2016,5,24,22,5199
2016,5,24,23,5668
2016,5,25,0,5647
2016,5,25,1,5072
2016,5,25,2,4201
2016,5,25,3,3259
2016,5,25,4,2550
2016,5,25,5,2285
2016,5,25,6,2514
2016,5,25,7,3248
2016,5,25,8,4234
2016,5,25,9,5193
2016,5,25,10,5899
2016,5,25,11,6129
2016,5,25,12,5856
2016,5,25,13,5064
2016,5,25,14,3987
2016,5,25,15,2830
2016,5,25,16,1826
2016,5,25,17,1148
2016,5,25,18,1072
2016,5,25,19,1498
2016,5,25,20,2366
2016,5,25,21,3526
2016,5,25,22,4519
2016,5,25,23,5300
2016,5,26,0,5553
2016,5,26,1,5353
2016,5,26,2,4656
2016,5,26,3,3811
2016,5,26,4,2985
2016,5,26,5,2490
2016,5,26,6,2391
2016,5,26,7,2764
2016,5,26,8,3510
2016,5,26,9,4428
2016,5,26,10,5227
2016,5,26,11,5804
2016,5,26,12,5894
2016,5,26,13,5508
2016,5,26,14,4689
2016,5,26,15,3599
2016,5,26,16,2499
2016,5,26,17,1606
2016,5,26,18,1151
2016,5,26,19,1261
2016,5,26,20,1875
2016,5,26,21,2806
2016,5,26,22,3855
2016,5,26,23,4743
2016,5,27,0,5268
2016,5,27,1,5425
2016,5,27,2,5153
2016,5,27,3,4447
2016,5,27,4,3687
2016,5,27,5,2999
2016,5,27,6,2604
2016,5,27,7,2564
2016,5,27,8,2969
2016,5,27,9,3698
2016,5,27,10,4523
2016,5,27,11,5252
2016,5,27,12,5704
2016,5,27,13,5700
2016,5,27,14,5220
2016,5,27,15,4421
2016,5,27,16,3376
2016,5,27,17,2412
2016,5,27,18,1678
2016,5,27,19,1381
2016,5,27,20,1610
2016,5,27,21,2259
2016,5,27,22,3166
2016,5,27,23,4096
2016,5,28,0,4854
2016,5,28,1,5301
2016,5,28,2,5379
2016,5,28,3,5019
2016,5,28,4,4405
2016,5,28,5,3717
2016,5,28,6,3104
2016,5,28,7,2750
2016,5,28,8,2734
2016,5,28,9,3059
2016,5,28,10,3719
2016,5,28,11,4454
2016,5,28,12,5126
2016,5,28,13,5511
2016,5,28,14,5499
2016,5,28,15,5038
2016,5,28,16,4246
2016,5,28,17,3310
2016,5,28,18,2423
2016,5,28,19,1786
2016,5,28,20,1630
2016,5,28,21,1888
2016,5,28,22,2524
2016,5,28,23,3435
2016,5,29,0,4232
2016,5,29,1,4950
2016,5,29,2,5356
2016,5,29,3,5382
2016,5,29,4,5057
2016,5,29,5,4494
2016,5,29,6,3789
2016,5,29,7,3179
2016,5,29,8,2740
2016,5,29,9,2639
2016,5,29,10,2919
2016,5,29,11,3525
2016,5,29,12,4230
2016,5,29,13,4892
2016,5,29,14,5261
2016,5,29,15,5283
2016,5,29,16,4860
2016,5,29,17,4162
2016,5,29,18,3290
2016,5,29,19,2505
2016,5,29,20,1940
2016,5,29,21,1763
2016,5,29,22,1990
2016,5,29,23,2556
2016,5,30,0,3349
2016,5,30,1,4155
2016,5,30,2,4881
2016,5,30,3,5306
2016,5,30,4,5415
2016,5,30,5,5112
2016,5,30,6,4515
2016,5,30,7,3753
2016,5,30,8,3033
2016,5,30,9,2511
2016,5,30,10,2319
2016,5,30,11,2585
2016,5,30,12,3133
2016,5,30,13,3914
2016,5,30,14,4587
2016,5,30,15,5067
2016,5,30,16,5144
2016,5,30,17,4835
2016,5,30,18,4189
2016,5,30,19,3388
2016,5,30,20,2601
2016,5,30,21,2060
2016,5,30,22,1822
2016,5,30,23,2020
2016,5,31,0,2557
2016,5,31,1,3372
2016,5,31,2,4236
2016,5,31,3,4996
2016,5,31,4,5512
2016,5,31,5,5664
2016,5,31,6,5382
2016,5,31,7,4701
2016,5,31,8,3811
2016,5,31,9,2938
2016,5,31,10,2248
2016,5,31,11,1995
2016,5,31,12,2203
2016,5,31,13,2810
2016,5,31,14,3713
2016,5,31,15,4516
2016,5,31,16,5087
2016,5,31,17,5284
2016,5,31,18,5089
2016,5,31,19,4471
2016,5,31,20,3695
2016,5,31,21,2866
2016,5,31,22,2225
2016,5,31,23,1960
